n,Insert (O2),Insert (O3),Heap (O2),Heap (O3)
3,904,1029,927,928
4,1357,1577,1518,1517
5,1816,2173,2111,2096
6,2297,2810,2935,2931
7,2828,3481,3853,3830
8,3337,4193,4574,4535
9,3891,4940,5349,5341
10,4451,5745,6284,6283
11,5024,6587,7360,7343
12,5643,7481,8284,8285
13,6379,8509,9307,9299
14,7019,9467,10424,10420
15,7702,10512,11697,11672
16,8389,11615,12549,12545
17,9095,12694,13544,13498
18,9854,13885,14697,14671
19,10624,15067,15954,15866
20,11408,16345,17058,16965
21,12215,17598,18173,18058
22,13090,18956,19585,19532
23,13948,20354,20986,20888
24,14837,21775,22081,22022
25,15702,23253,23333,23206
26,16648,24776,24703,24655
27,17585,26344,26031,25920
28,18564,27956,27326,27316
29,19544,29613,28565,28467
30,20592,31360,30119,30052
31,21906,33455,31580,31486
32,23110,35413,32658,32643
33,24565,38678,33734,33648
34,29362,44837,35274,35217
35,34017,47894,36633,36554
36,35605,50102,39048,38921
37,37015,52303,44437,44095
38,38401,54535,46646,46553
39,39855,56806,48276,48130
40,41338,59150,49834,49780
41,42846,61536,51396,51211
42,44388,63970,53202,53060
43,45944,66450,54818,54643
44,47525,68974,56626,56515
45,49145,71548,58253,58092
46,50785,74177,60153,59977
47,52459,76850,61965,61844
48,54151,79616,63458,63387
49,55870,82329,65055,64875
50,57645,85175,67119,66951
51,59411,88027,68948,68748
52,61225,90957,71006,70826
53,63052,93930,72744,72542
54,64896,96931,74633,74482
55,66757,99985,76661,76460
56,68908,103238,78833,78659
57,70828,106385,80593,80314
58,72490,109402,82338,82057
59,74459,112645,84333,84096
60,76447,115934,86116,85916
61,78476,119285,88081,87859
62,80525,122659,90074,89909
63,82576,126052,91936,91828
64,84705,129565,93486,93430
65,86807,133044,95028,94841
66,88932,136600,96852,96741
67,91085,140209,98597,98434
68,93292,143879,100412,100286
69,95490,147566,102012,101857
70,97761,151295,104300,104100
71,100028,155094,105975,105724
72,102591,159180,107928,107754
73,104912,162973,109638,109349
74,106942,166729,111773,111474
75,109395,170766,113401,113101
76,111934,174703,115394,115268
77,114365,178707,117050,116887
78,116806,182785,119472,119305
79,119255,186918,121385,121280
80,121701,191079,123177,123110
81,124150,195286,125063,124817
82,126741,199614,127257,127009
83,129272,203887,129268,128866
84,132587,208567,131406,131096
85,135303,212999,133417,132957
86,136884,217019,135601,135133
87,139479,221487,137913,137474
88,142109,226031,139901,139492
89,144173,230645,141868,141290
90,146849,235276,144172,143638
91,149574,239697,146369,145928
92,152276,244414,148614,148221
93,155009,249220,150826,150349
94,158231,254339,153196,152833
95,161102,259157,155361,155011
96,164530,264317,157361,157082
97,167360,269250,159442,158890
98,169594,273964,161009,160619
99,172493,278995,163051,162549
100,175296,283963,165004,164714
101,178205,289123,167247,166794
102,181101,294245,169398,169016
103,184052,299428,171665,171244
104,187226,304763,173507,173238
105,190235,310053,175648,175225
106,193925,315707,178025,177643
107,196990,321081,180273,179839
108,199246,326202,181893,181613
109,202329,331640,184173,183806
110,205367,337059,186690,186466
111,208492,342616,189163,188896
112,211654,348192,191033,190947
113,214822,353811,193356,193043
114,218487,359890,195677,195312
115,221871,365701,197841,197474
116,224573,371085,199545,199386
117,227868,376902,201889,201534
118,231133,382780,204564,204224
119,234462,388631,206949,206617
120,237830,394598,208749,208562
121,241255,400626,210966,210587
122,244952,406799,213531,213142
123,248384,412861,215902,215492
124,252588,419410,218633,218577
125,256053,425542,221009,220785
126,258452,431864,222909,222741
127,261916,437535,225492,225363
128,265432,443805,226900,226885
129,269002,450148,228934,228719
130,273052,456763,230903,230658
131,276724,463302,232930,232787
132,280356,469836,234568,234825
133,283988,476335,237040,236991
134,287717,482940,239165,239341
135,291380,489557,241439,241674
136,295124,496240,242926,243599
137,298899,502953,245151,245734
138,302641,509639,247112,247801
139,306429,516491,249258,249997
140,310221,523274,250881,252023
141,314044,530175,253169,254101
142,317964,537184,255561,256557
143,321806,544132,257713,258871
144,325732,551150,259439,260806
145,329672,558220,261899,263039
146,333631,565369,264076,265092
147,337574,572372,266281,267327
148,341581,579729,268104,269342
149,345618,586987,270537,271551
150,349675,594146,273027,273934
151,353716,601530,275317,276417
152,357438,608840,277169,278238
153,361688,616474,279555,280560
154,365898,623939,282006,282806
155,370272,631598,284241,285233
156,374538,639199,286517,287398
157,378817,646809,288813,289611
158,383032,654449,291377,292177
159,387349,662086,293523,294540
160,391596,669757,295378,296400
161,396027,677671,297714,298589
162,400324,685512,299648,300468
163,404822,693288,301827,302763
164,409262,701256,303842,304890
165,413635,709145,306234,307193
166,418433,717424,308720,309618
167,422942,725634,311176,312234
168,427373,733578,313176,314163
169,431928,741759,315538,316502
170,436415,749921,317551,318545
171,440964,758069,320040,321031
172,445633,766369,322006,323177
173,450309,774663,324535,325664
174,454994,783025,327316,328413
175,459688,791492,329810,331222
176,464402,799855,331806,333129
177,469030,808353,334202,335478
178,473757,816886,336415,337499
179,478472,825442,338707,339835
180,483261,834040,340847,342129
181,488139,842664,343297,344460
182,493011,851371,346045,347083
183,497886,860149,348509,349652
184,502773,868936,350636,351832
185,507650,877690,353057,354187
186,512534,886684,355723,356723
187,517456,895557,358284,359247
188,522326,904459,360654,361638
189,527375,913542,363106,364034
190,532462,922564,365937,366864
191,537505,931663,368461,369845
192,542629,940839,370372,371775
193,547709,950058,372770,374024
194,552862,959247,374949,376105
195,557992,968505,377456,378480
196,563057,977728,379335,380724
197,568201,987152,381893,382880
198,573371,996522,383933,384967
199,578617,1006023,386591,387696
200,583891,1015540,388502,389750
