n,Heap,Tournament Tree
3,2,2
4,2,4
5,3,6
6,5,8
7,7,10
8,8,11
9,9,14
10,10,17
11,12,19
12,14,20
13,16,24
14,18,26
15,21,28
16,22,30
17,23,33
18,25,36
19,27,39
20,29,42
21,31,45
22,34,48
23,36,51
24,38,52
25,40,56
26,43,59
27,46,62
28,49,64
29,51,67
30,54,69
31,57,72
32,59,75
33,60,78
34,62,82
35,64,85
36,66,89
37,68,93
38,71,96
39,73,99
40,75,102
41,77,106
42,81,109
43,84,113
44,87,115
45,89,119
46,92,121
47,95,124
48,99,128
49,100,131
50,103,134
51,107,138
52,110,141
53,113,145
54,117,148
55,121,152
56,124,154
57,127,157
58,131,161
59,137,166
60,140,168
61,142,170
62,146,173
63,150,177
64,152,180
65,154,183
66,156,188
67,236,192
68,162,196
69,165,201
70,170,207
71,170,208
72,173,212
73,175,216
74,178,221
75,181,225
76,184,228
77,187,232
78,191,236
79,194,240
80,197,243
81,199,248
82,203,253
83,206,257
84,211,261
85,214,265
86,218,269
87,221,273
88,225,276
89,228,280
90,232,284
91,236,288
92,240,292
93,244,295
94,248,299
95,251,303
96,254,306
97,256,310
98,365,315
99,263,319
100,266,323
101,269,328
102,275,335
103,279,335
104,281,340
105,284,345
106,288,348
107,293,352
108,297,357
109,301,361
110,305,365
111,310,369
112,314,372
113,316,376
114,321,382
115,328,385
116,329,389
117,333,393
118,338,398
119,343,401
120,347,425
121,352,409
122,354,413
123,359,417
124,364,421
125,368,425
126,373,429
127,378,433
128,380,436
129,383,441
130,386,447
131,389,451
132,393,456
133,395,462
134,399,467
135,402,479
136,406,476
137,410,481
138,412,486
139,499,490
140,419,495
141,422,500
142,426,504
143,430,509
144,434,514
145,436,517
146,440,523
147,444,528
148,446,535
149,450,537
150,454,541
151,458,546
152,462,550
153,465,555
154,469,560
155,511,585
156,477,568
157,480,574
158,487,578
159,489,582
160,493,588
161,496,592
162,500,596
163,503,604
164,507,606
165,511,611
166,514,615
167,519,620
168,523,624
169,526,630
170,529,634
171,534,638
172,540,642
173,543,647
174,548,652
175,554,656
176,558,660
177,561,665
178,565,668
179,569,675
180,573,679
181,577,683
182,583,784
183,587,691
184,592,696
185,595,700
186,600,705
187,605,709
188,610,716
189,615,718
190,620,723
191,625,727
192,628,731
193,633,736
194,648,742
195,639,745
196,643,751
197,647,756
198,652,760
199,654,764
200,658,769
201,662,773
202,666,779
203,684,788
204,682,795
205,683,796
206,690,799
207,705,813
208,700,816
209,706,813
210,711,819
211,709,821
212,712,831
213,713,831
214,725,834
215,729,847
216,730,845
217,737,851
218,741,850
219,742,854
220,747,858
221,755,863
222,758,868
223,763,873
224,769,876
225,770,889
226,780,892
227,781,897
228,794,895
229,788,900
230,792,905
231,797,909
232,812,921
233,807,919
234,814,924
235,817,931
236,826,933
237,827,936
238,832,941
239,838,944
240,842,950
241,846,956
242,856,963
243,861,969
244,863,975
245,871,984
246,886,988
247,889,990
248,893,992
249,891,991
250,891,995
251,898,1006
252,914,1009
253,907,1009
254,913,1014
255,921,1026
256,939,1022
257,926,1029
258,930,1033
259,935,1038
260,953,1053
261,945,1061
262,948,1063
263,950,1067
264,962,1077
265,961,1070
266,960,1074
267,965,1078
268,969,1085
269,976,1097
270,991,1099
271,996,1103
272,1004,1116
273,1008,1124
274,1002,1124
275,1003,1127
276,1006,1133
277,1005,1128
278,1010,1132
279,1013,1137
280,1018,1142
281,1021,1147
282,1026,1153
283,1029,1157
284,1035,1161
285,1039,1168
286,1044,1172
287,1050,1178
288,1052,1181
289,1055,1186
290,1058,1190
291,1062,1196
292,1067,1201
293,1084,1207
294,1076,1211
295,1080,1217
296,1099,1224
297,1088,1226
298,1093,1231
299,1098,1236
300,1102,1242
301,1107,1246
302,1111,1251
303,1117,1255
304,1122,1261
305,1125,1265
306,1147,1271
307,1134,1275
308,1141,1281
309,1143,1286
310,1158,1292
311,1154,1295
312,1160,1301
313,1162,1305
314,1167,1321
315,1174,1315
316,1178,1320
317,1184,1327
318,1191,1329
319,1193,1334
320,1219,1355
321,1231,1366
322,1217,1353
323,1216,1355
324,1216,1364
325,1221,1367
326,1225,1372
327,1231,1385
328,1231,1379
329,1242,1389
330,1246,1393
331,1246,1397
332,1254,1400
333,1255,1410
334,1264,1410
335,1270,1416
336,1275,1423
337,1274,1425
338,1282,1433
339,1286,1440
340,1293,1440
341,1310,1460
342,1329,1472
343,1322,1468
344,1321,1469
345,1333,1482
346,1331,1480
347,1334,1485
348,1344,1493
349,1348,1492
350,1345,1488
351,1352,1496
352,1354,1499
353,1357,1507
354,1365,1511
355,1370,1517
356,1383,1535
357,1379,1530
358,1395,1540
359,1403,1544
360,1415,1546
361,1407,1552
362,1404,1547
363,1409,1552
364,1414,1560
365,1419,1573
366,1442,1586
367,1453,1587
368,1449,1586
369,1445,1613
370,1448,1592
371,1450,1593
372,1455,1598
373,1461,1611
374,1488,1630
375,1475,1614
376,1496,1629
377,1486,1635
378,1496,1641
379,1505,1641
380,1502,1643
381,1510,1647
382,1525,1660
383,1532,1662
384,1538,1663
385,1532,1664
386,1529,1669
387,1534,1672
388,1539,1677
389,1543,1682
390,1548,1688
391,1553,1692
392,1557,1698
393,1561,1701
394,1567,1705
395,1548,1705
396,1554,1709
397,1528,1705
398,1536,1709
399,1519,1704
400,1515,1708
401,1495,1701
402,1495,1707
403,1504,1709
404,1502,1714
405,1509,1722
406,1514,1722
407,1519,1732
408,1534,1734
409,1540,1742
410,1557,1746
411,1564,1752
412,1600,1774
413,1610,1783
414,1638,1807
415,1648,1803
416,1656,1827
417,1654,1883
418,1676,1801
419,1656,1806
420,1672,1906
421,1667,1815
422,1685,1821
423,1679,1826
424,1683,1831
425,1705,1845
426,1747,1850
427,1722,1868
428,1716,1870
429,1722,1869
430,1732,1884
431,1726,1868
432,1731,1870
433,1745,1876
434,1746,1893
435,1747,1890
436,1771,1910
437,1762,1908
438,1760,1909
439,1783,1905
440,1781,1914
441,1817,1999
442,1796,1917
443,1792,1922
444,1796,1925
445,1863,1953
446,1810,1936
447,1815,1943
448,1821,1946
449,1830,1973
450,1832,1970
451,1856,1965
452,1840,1965
453,1846,2042
454,1853,1977
455,1858,1983
456,1863,1988
457,1867,2020
458,1873,1997
459,1879,2003
460,1884,2006
461,1890,2026
462,1898,2023
463,1914,2034
464,1907,2027
465,1911,2106
466,1918,2037
467,1924,2043
468,1935,2054
469,1943,2119
470,1942,2058
471,1949,2063
472,1956,2067
473,2077,2073
474,1968,2079
475,1975,2085
476,1980,2086
477,2057,2091
478,1992,2097
479,2000,2105
480,2004,2107
481,2075,2111
482,2037,2133
483,2057,2137
484,2040,2150
485,2101,2172
486,2038,2159
487,2057,2149
488,2065,2172
489,2076,2153
490,2081,2178
491,2085,2174
492,2076,2280
493,2081,2178
494,2098,2209
495,2096,2198
496,2120,2188
497,2107,2198
498,2123,2207
499,2139,2227
500,2125,2209
501,2130,2235
502,2175,2243
503,2158,2232
504,2159,2234
505,2164,2240
506,2165,2275
507,2199,2315
508,2198,2304
509,2185,2269
510,2192,2263
511,2204,2296
512,2211,2292
513,2217,2307
514,2232,2319
515,2218,2294
516,2215,2306
517,2246,2315
518,2323,2311
519,2273,2349
520,2292,2355
521,2260,2323
522,2273,2348
523,2255,2370
524,2297,2360
525,2292,2356
526,2293,2392
527,2300,2393
528,2283,2371
529,2281,2385
530,2292,2374
531,2300,2393
532,2302,2393
533,2324,2414
534,2329,2406
535,2319,2405
536,2332,2405
537,2339,2562
538,2329,2440
539,2335,2471
540,2360,2461
541,2358,2439
542,2349,2447
543,2367,2457
544,2381,2482
545,2394,2466
546,2387,2471
547,2390,2484
548,2401,2473
549,2401,2496
550,2398,2494
551,2400,2501
552,2409,2493
553,2417,2501
554,2412,2510
555,2414,2532
556,2430,2521
557,2433,2526
558,2445,2539
559,2458,2556
560,2450,2549
561,2456,2552
562,2466,2563
563,2466,2559
564,2457,2584
565,2494,2585
566,2492,2594
567,2503,2587
568,2484,2591
569,2526,2654
570,2536,2624
571,2518,2609
572,2538,2631
573,2518,2617
574,2533,2628
575,2533,2635
576,2521,2619
577,2514,2625
578,2522,2653
579,2534,2752
580,2549,2644
581,2537,2646
582,2539,2649
583,2549,2660
584,2550,2664
585,2572,2673
586,2595,2674
587,2565,2693
588,2607,2717
589,2589,2690
590,2593,2724
591,2602,2707
592,2657,2706
593,2596,2732
594,2599,2747
595,2676,2743
596,2614,2728
597,2619,2733
598,2646,2739
599,2665,2758
600,2654,2751
601,2687,2778
602,2645,2760
603,2679,2771
604,2726,2772
605,2663,2818
606,2682,2790
607,2711,2809
608,2693,2808
609,2703,2825
610,2810,2815
611,2691,2813
612,2718,2830
613,2719,2859
614,2723,2852
615,2713,2836
616,2721,2838
617,2725,2842
618,2731,2937
619,2735,2855
620,2743,2860
621,2747,2909
622,2752,2870
623,2764,2881
624,2783,3006
625,2768,2885
626,2774,2890
627,2778,2912
628,2803,2917
629,2790,2908
630,2798,2914
631,2803,2922
632,2816,2925
633,2815,2943
634,2819,2936
635,2826,2956
636,2839,2947
637,2858,2994
638,2860,2957
639,2852,2963
640,2855,2968
641,2860,2977
642,2863,2979
643,2872,2986
644,2874,2989
645,2881,3010
646,2883,3002
647,2907,3041
648,2919,3022
649,2921,3039
650,2906,3040
651,2914,3034
652,2935,3049
653,2938,3066
654,2928,3056
655,2949,3057
656,2938,3058
657,2945,3061
658,2953,3068
659,2957,3072
660,2959,3078
661,2965,3100
662,3007,3092
663,2978,3093
664,2984,3098
665,2988,3122
666,2994,3111
667,3000,3114
668,3007,3152
669,3014,3145
670,3037,3134
671,3026,3138
672,3042,3145
673,3034,3149
674,3039,3154
675,3048,3160
676,3050,3166
677,3071,3186
678,3066,3176
679,3069,3245
680,3071,3187
681,3079,3192
682,3085,3198
683,3091,3202
684,3101,3252
685,3124,3216
686,3147,3280
687,3119,3244
688,3177,3266
689,3160,3367
690,3177,3286
691,3170,3289
692,3187,3255
693,3153,3264
694,3162,3267
695,3190,3319
696,3172,3290
697,3177,3282
698,3188,3288
699,3196,3292
700,3207,3304
701,3210,3303
702,3209,3308
703,3217,3316
704,3220,3318
705,3230,3326
706,3232,3328
707,3236,3335
708,3244,3341
709,3260,3363
710,3271,3356
711,3264,3359
712,3278,3388
713,3298,3371
714,3288,3411
715,3295,3384
716,3290,3395
717,3323,3415
718,3314,3438
719,3333,3426
720,3342,3425
721,3325,3509
722,3350,3416
723,3332,3425
724,3338,3428
725,3342,3450
726,3397,3490
727,3360,3445
728,3383,3451
729,3379,3467
730,3387,3481
731,3417,3478
732,3388,3477
733,3397,3476
734,3402,3481
735,3426,3523
736,3425,3517
737,3418,3517
738,3433,3504
739,3460,3510
740,3434,3517
741,3443,3522
742,3449,3527
743,3455,3543
744,3490,3563
745,3467,3568
746,3519,3609
747,3562,3579
748,3496,3670
749,3496,3577
750,3508,3578
751,3526,3593
752,3524,3596
753,3522,3592
754,3527,3600
755,3534,3622
756,3539,3607
757,3547,3617
758,3552,3621
759,3560,3621
760,3564,3629
761,3573,3651
762,3601,3643
763,3587,3647
764,3595,3713
765,3598,3661
766,3608,3728
767,3615,3671
768,3619,3688
769,3624,3676
770,3632,3683
771,3747,3690
772,3669,3697
773,3645,3765
774,3649,3737
775,3663,3731
776,3678,3716
777,3665,3723
778,3696,3754
779,3679,3734
780,3754,3739
781,3690,3741
782,3782,3748
783,3700,3758
784,3706,3958
785,3712,3765
786,3717,3836
787,3719,3776
788,3730,3780
789,3730,3787
790,3734,3792
791,3743,3798
792,3746,3804
793,3764,3834
794,3760,3814
795,3768,3821
796,3901,3826
797,3781,3834
798,3820,3837
799,3794,3843
800,3858,3847
801,3808,3856
802,3876,3861
803,3814,3866
804,3821,3966
805,3827,3889
806,3826,3878
807,3836,3884
808,3843,3892
809,3847,3896
810,3853,3905
811,3878,3911
812,3936,3921
813,3879,3919
814,3886,3939
815,3898,3937
816,3892,3948
817,3900,3959
818,3903,3949
819,3909,3953
820,3932,3960
821,3928,3982
822,3935,3969
823,3936,3996
824,3938,3983
825,3946,3991
826,3962,4001
827,3983,4007
828,3975,4006
829,4006,4015
830,3983,4014
831,4083,4026
832,3998,4024
833,4076,4031
834,4025,4043
835,4028,4055
836,4053,4054
837,4048,4063
838,4041,4099
839,4054,4069
840,4042,4073
841,4046,4079
842,4109,4146
843,4104,4106
844,4072,4160
845,4082,4097
846,4080,4100
847,4084,4116
848,4088,4119
849,4116,4121
850,4109,4226
851,4116,4136
852,4122,4137
853,4123,4158
854,4133,4166
855,4134,4168
856,4162,4182
857,4162,4167
858,4152,4188
859,4231,4238
860,4200,4205
861,4174,4203
862,4183,4192
863,4217,4255
864,4246,4217
865,4203,4230
866,4230,4230
867,4272,4244
868,4262,4226
869,4230,4256
870,4263,4284
871,4248,4260
872,4266,4248
873,4258,4256
874,4299,4272
875,4269,4278
876,4274,4268
877,4279,4272
878,4370,4300
879,4321,4298
880,4300,4306
881,4311,4298
882,4346,4352
883,4319,4304
884,4327,4313
885,4334,4320
886,4369,4325
887,4347,4384
888,4405,4355
889,4372,4431
890,4378,4362
891,4387,4459
892,4383,4353
893,4463,4363
894,4403,4364
895,4417,4374
896,4430,4378
897,4420,4381
898,4420,4413
899,4426,4393
900,4432,4415
901,4444,4403
902,4446,4410
903,4461,4415
904,4458,4420
905,4460,4426
906,4471,4442
907,4476,4438
908,4481,4443
909,4489,4510
910,4496,4468
911,4505,4474
912,4510,4464
913,4515,4475
914,4516,4477
915,4545,4603
916,4591,4529
917,4578,4564
918,4578,4518
919,4683,4522
920,4621,4543
921,4603,4530
922,4591,4603
923,4606,4546
924,4600,4579
925,4634,4550
926,4618,4564
927,4626,4569
928,4641,4574
929,4677,4585
930,4656,4589
931,4655,4585
932,4649,4588
933,4659,4591
934,4735,4652
935,4713,4650
936,4715,4652
937,4686,4623
938,4701,4631
939,4724,4646
940,4723,4668
941,4713,4674
942,4727,4645
943,4819,4673
944,4749,4670
945,4765,4680
946,4758,4674
947,4761,4680
948,4778,4684
949,4791,4691
950,4778,4706
951,4781,4762
952,4819,4736
953,4816,4796
954,4820,4752
955,4804,4717
956,4887,4801
957,4861,4746
958,4859,4740
959,4952,4748
960,4865,4773
961,4905,4749
962,4867,4804
963,4906,4789
964,4861,4753
965,4870,4760
966,4874,4847
967,4943,4773
968,4951,4778
969,4918,4817
970,4904,4786
971,4909,4856
972,4936,4797
973,4989,4806
974,4936,4811
975,4969,4813
976,4942,4897
977,4952,4828
978,5024,4840
979,4966,4853
980,4969,4844
981,4990,4850
982,4987,4853
983,4999,4860
984,5011,4875
985,5014,4881
986,5019,4876
987,5020,4876
988,5028,4888
989,5035,4894
990,5042,4898
991,5074,4923
992,5060,4911
993,5064,4911
994,5070,4935
995,5082,4925
996,5119,4930
997,5094,4934
998,5102,4941
999,5105,4947
1000,5115,4952
