n,Find (O1),Find (O2),Find (O3),Find (Os),Find (Oz),Insert (O1),Insert (O2),Insert (O3),Insert (Os),Insert (Oz),Insert Cache (O1),Insert Cache (O2),Insert Cache (O3),Insert Cache (Os),Insert Cache (Oz),Heap (O0),Heap (O1),Heap (O2),Heap (O3),Heap (Os),Heap (Oz),Tournament Tree (O0),Tournament Tree (O1),Tournament Tree (O2),Tournament Tree (O3),Tournament Tree (Os),Tournament Tree (Oz),State Machine (O0),State Machine (O1),State Machine (O2),State Machine (O3),State Machine (Os),State Machine (Oz)
3,39,39,35,42,42,19,16,16,16,16,16,16,16,16,16,43,20,18,18,18,18,60,18,23,23,22,22,15,14,13,12,12,12
4,56,56,51,59,59,27,25,24,24,24,24,24,24,24,24,65,31,27,28,28,29,95,30,38,39,37,36,24,22,20,19,20,20
5,71,72,65,75,75,37,34,32,32,32,32,32,32,33,33,88,43,38,38,38,41,137,45,54,57,54,53,39,32,30,29,29,29
6,85,85,77,89,89,47,47,42,41,41,40,41,40,39,39,119,60,53,53,54,57,171,54,68,72,64,63,0,0,0,0,0,0
7,101,101,92,105,106,62,57,54,52,52,49,49,50,47,47,153,81,71,70,72,76,213,74,89,95,85,86,0,0,0,0,0,0
8,122,123,109,122,127,72,68,66,60,62,58,59,59,57,56,181,95,82,81,83,87,252,85,103,108,100,98,0,0,0,0,0,0
9,131,135,128,139,143,81,80,78,69,72,68,69,69,67,67,207,109,93,92,94,102,306,108,129,140,125,124,0,0,0,0,0,0
10,143,148,140,151,157,96,90,89,80,83,78,79,79,77,78,244,129,110,109,112,120,353,127,149,163,145,144,0,0,0,0,0,0
11,160,163,154,169,171,109,103,102,91,95,88,89,89,89,88,277,154,129,128,132,141,396,146,169,185,165,164,0,0,0,0,0,0
12,175,178,169,184,188,120,115,115,103,107,99,100,100,99,99,314,174,145,145,149,157,429,156,178,200,175,175,0,0,0,0,0,0
13,189,195,184,199,195,131,129,127,116,118,110,111,111,110,110,354,195,167,164,168,178,474,180,210,224,202,201,0,0,0,0,0,0
14,206,212,197,215,215,148,145,139,128,131,121,122,124,121,121,403,225,189,188,191,202,525,196,225,242,216,217,0,0,0,0,0,0
15,221,228,213,231,225,163,162,150,140,143,132,135,135,134,132,441,256,218,212,219,231,566,207,245,263,237,234,0,0,0,0,0,0
16,238,252,231,248,246,176,177,161,151,157,144,146,147,145,145,477,270,229,223,231,243,612,223,259,279,250,250,0,0,0,0,0,0
17,277,260,248,269,264,192,195,180,164,171,157,159,159,155,156,506,279,243,238,243,261,669,251,293,313,282,280,0,0,0,0,0,0
18,289,271,260,280,279,207,209,199,176,189,171,171,171,166,166,543,302,259,255,262,279,736,278,319,343,311,310,0,0,0,0,0,0
19,307,286,274,297,295,222,229,217,191,205,185,184,183,179,179,585,325,283,277,282,300,788,305,353,376,340,337,0,0,0,0,0,0
20,322,301,289,312,310,238,245,237,205,222,199,197,197,193,192,702,366,301,295,302,319,848,331,376,399,365,363,0,0,0,0,0,0
21,344,318,304,329,324,258,263,254,219,238,213,212,213,208,209,747,390,319,313,322,338,918,355,406,426,392,390,0,0,0,0,0,0
22,358,333,319,345,342,274,282,273,234,256,227,225,227,220,222,719,395,345,340,344,367,940,370,423,448,409,407,0,0,0,0,0,0
23,378,351,336,361,358,291,300,294,251,274,241,240,242,236,238,768,422,373,366,372,396,982,388,440,465,429,421,0,0,0,0,0,0
24,400,369,350,379,375,309,319,312,266,293,256,256,257,252,252,806,440,390,381,392,414,1027,403,450,482,443,441,0,0,0,0,0,0
25,405,381,367,397,393,327,338,333,283,308,271,271,273,265,269,851,466,413,402,414,436,1086,429,479,513,468,462,0,0,0,0,0,0
26,416,392,382,409,404,347,357,354,299,326,287,287,289,282,287,900,491,438,428,442,462,1130,447,503,538,492,487,0,0,0,0,0,0
27,436,408,395,422,420,362,377,372,315,344,302,305,304,299,301,941,525,467,459,473,492,1188,465,525,559,511,506,0,0,0,0,0,0
28,452,423,411,441,439,381,397,393,335,360,317,320,321,317,318,996,555,493,485,499,519,1232,479,547,580,533,528,0,0,0,0,0,0
29,468,439,424,455,467,399,418,412,352,379,338,339,339,334,337,1044,584,521,509,520,548,1283,499,565,599,551,542,0,0,0,0,0,0
30,486,456,438,471,474,419,436,435,375,397,355,355,356,349,358,1100,620,555,542,555,584,1330,519,589,624,565,563,0,0,0,0,0,0
31,503,471,456,492,490,435,460,456,398,417,376,374,375,368,377,1158,661,580,573,588,620,1375,536,605,646,591,583,0,0,0,0,0,0
32,530,491,475,508,510,456,480,476,423,430,393,394,393,392,397,1196,681,597,590,606,636,1433,549,625,670,610,599,0,0,0,0,0,0
33,528,507,496,535,535,475,500,496,439,448,410,411,412,409,417,1231,686,609,600,616,650,1494,588,657,705,643,634,0,0,0,0,0,0
34,537,516,505,544,535,495,522,513,454,465,428,432,426,427,436,1270,713,630,620,634,674,1555,615,695,746,678,667,0,0,0,0,0,0
35,559,531,521,566,554,508,543,539,478,483,446,449,450,449,457,1319,734,652,645,661,701,1633,654,727,782,717,707,0,0,0,0,0,0
36,572,547,538,582,576,530,567,562,501,508,468,471,472,472,480,1364,758,675,666,679,722,1704,687,760,817,749,743,0,0,0,0,0,0
37,589,563,549,600,591,549,588,585,517,529,489,492,492,491,504,1415,786,697,685,699,748,1761,717,797,862,782,778,0,0,0,0,0,0
38,606,582,570,616,632,575,611,607,540,550,510,515,509,509,526,1464,816,728,713,726,776,1825,749,831,896,821,802,0,0,0,0,0,0
39,625,600,584,636,637,592,630,628,560,568,526,530,532,530,542,1512,844,752,734,748,808,1877,783,861,929,851,837,0,0,0,0,0,0
40,644,618,601,655,648,610,655,648,581,587,551,554,550,549,569,1566,866,768,756,770,827,1962,808,885,954,870,862,0,0,0,0,0,0
41,686,658,643,697,676,628,677,671,604,605,570,573,575,570,599,1606,888,789,776,791,852,2027,841,923,991,908,898,0,0,0,0,0,0
42,700,673,651,712,702,649,701,693,632,629,593,596,598,596,617,1653,915,818,810,819,881,2089,868,947,1023,941,930,0,0,0,0,0,0
43,717,685,669,729,711,672,724,719,651,656,616,620,617,619,637,1718,954,849,837,850,916,2131,894,974,1056,970,945,0,0,0,0,0,0
44,735,702,688,745,726,693,743,736,675,686,634,638,640,640,663,1777,983,881,866,872,947,2203,920,995,1083,996,974,0,0,0,0,0,0
45,755,719,704,766,756,720,768,768,695,706,656,663,665,665,687,1829,1022,905,895,905,976,2246,943,1017,1114,1015,1002,0,0,0,0,0,0
46,775,738,721,787,779,742,793,788,725,722,681,693,689,685,712,1893,1048,939,933,940,1012,2292,964,1039,1144,1043,1027,0,0,0,0,0,0
47,796,756,740,809,785,760,816,819,746,753,705,716,713,708,730,1944,1089,973,963,977,1047,2332,984,1066,1169,1066,1037,0,0,0,0,0,0
48,811,778,760,823,800,784,836,840,776,779,730,735,738,736,762,2002,1120,992,983,993,1071,2365,1001,1079,1194,1088,1065,0,0,0,0,0,0
49,863,827,806,861,834,809,864,871,796,796,752,761,762,760,789,2028,1139,1013,999,1013,1100,2456,1031,1112,1226,1106,1094,0,0,0,0,0,0
50,873,839,826,879,851,834,897,897,825,823,773,787,788,785,811,2087,1179,1048,1035,1044,1129,2514,1060,1140,1259,1140,1114,0,0,0,0,0,0
51,897,857,835,893,887,860,917,915,846,850,797,812,813,809,844,2149,1204,1079,1059,1081,1160,2564,1085,1168,1286,1180,1140,0,0,0,0,0,0
52,916,871,854,908,901,887,954,943,874,868,824,836,840,833,868,2200,1245,1113,1091,1107,1199,2624,1103,1193,1313,1199,1167,0,0,0,0,0,0
53,928,885,871,927,898,907,966,972,902,894,848,861,862,861,892,2250,1275,1145,1116,1142,1225,2689,1125,1217,1343,1222,1177,0,0,0,0,0,0
54,949,904,889,942,916,932,989,991,926,920,874,891,889,885,917,2322,1310,1182,1160,1176,1265,2740,1152,1243,1372,1248,1205,0,0,0,0,0,0
55,968,926,909,963,951,958,1023,1025,953,946,905,921,926,916,950,2400,1349,1225,1197,1216,1312,2810,1169,1268,1402,1267,1224,0,0,0,0,0,0
56,997,956,936,981,962,982,1053,1045,976,968,922,952,948,944,993,2443,1404,1257,1217,1244,1349,2854,1199,1291,1419,1282,1250,0,0,0,0,0,0
57,1019,972,952,993,1000,1006,1075,1065,1003,984,941,977,975,966,1015,2484,1425,1279,1242,1267,1374,2902,1213,1316,1455,1311,1279,0,0,0,0,0,0
58,1025,979,967,1012,1002,1024,1093,1093,1033,1023,975,1003,1005,995,1027,2564,1455,1314,1281,1308,1405,2972,1246,1337,1480,1339,1297,0,0,0,0,0,0
59,1046,994,979,1029,1017,1046,1122,1112,1067,1049,1000,1033,1031,1030,1086,2610,1493,1357,1323,1354,1461,3031,1258,1362,1510,1366,1319,0,0,0,0,0,0
60,1056,1013,1002,1045,1046,1064,1144,1145,1090,1069,1025,1064,1064,1058,1115,2686,1543,1394,1351,1384,1498,3074,1291,1391,1539,1389,1346,0,0,0,0,0,0
61,1079,1036,1021,1065,1056,1092,1172,1170,1125,1101,1054,1095,1102,1079,1117,2737,1577,1424,1400,1414,1536,3157,1318,1409,1567,1439,1376,0,0,0,0,0,0
62,1097,1051,1034,1080,1067,1116,1203,1201,1151,1127,1079,1136,1127,1111,1164,2816,1617,1464,1436,1453,1575,3180,1337,1431,1595,1463,1402,0,0,0,0,0,0
63,1116,1068,1053,1097,1118,1144,1229,1227,1182,1143,1107,1159,1157,1143,1193,2885,1655,1509,1476,1504,1622,3250,1359,1461,1627,1486,1416,0,0,0,0,0,0
64,1139,1085,1076,1118,1113,1170,1250,1245,1211,1173,1140,1194,1189,1179,1246,2922,1676,1521,1498,1526,1648,3338,1405,1480,1656,1507,1480,0,0,0,0,0,0
65,1185,1131,1119,1165,1173,1197,1274,1272,1241,1193,1168,1222,1222,1215,1303,3012,1698,1549,1509,1539,1664,3394,1440,1529,1693,1555,1535,0,0,0,0,0,0
66,1187,1141,1127,1172,1171,1224,1284,1296,1270,1237,1198,1253,1250,1245,1332,3061,1714,1562,1530,1554,1687,3446,1481,1563,1722,1587,1559,0,0,0,0,0,0
67,1209,1158,1146,1190,1203,1243,1305,1319,1300,1262,1225,1288,1285,1281,1374,3122,1754,1599,1556,1586,1718,3534,1518,1600,1770,1632,1594,0,0,0,0,0,0
68,1223,1176,1159,1209,1209,1262,1338,1350,1336,1298,1252,1321,1319,1305,1403,3152,1765,1625,1589,1609,1750,3610,1550,1641,1809,1655,1637,0,0,0,0,0,0
69,1249,1192,1179,1228,1243,1281,1367,1367,1361,1316,1285,1356,1350,1338,1432,3209,1787,1640,1602,1629,1772,3679,1583,1675,1840,1688,1690,0,0,0,0,0,0
70,1275,1210,1199,1236,1256,1316,1382,1410,1397,1350,1308,1387,1382,1382,1456,3266,1839,1673,1633,1661,1803,3733,1614,1716,1884,1736,1707,0,0,0,0,0,0
71,1291,1235,1211,1264,1279,1341,1424,1437,1422,1380,1344,1422,1421,1407,1513,3341,1864,1707,1655,1691,1831,3835,1645,1750,1911,1771,1746,0,0,0,0,0,0
72,1300,1250,1225,1279,1291,1358,1442,1462,1463,1424,1371,1455,1450,1442,1546,3382,1900,1721,1685,1712,1856,3900,1683,1780,1944,1808,1779,0,0,0,0,0,0
73,1394,1324,1303,1341,1349,1391,1478,1494,1493,1445,1404,1487,1485,1483,1589,3448,1911,1747,1704,1735,1880,3978,1713,1816,1990,1833,1812,0,0,0,0,0,0
74,1411,1337,1316,1358,1354,1411,1514,1515,1521,1473,1435,1522,1521,1518,1615,3484,1950,1778,1736,1763,1914,4042,1743,1869,2026,1874,1844,0,0,0,0,0,0
75,1416,1350,1340,1382,1375,1442,1531,1534,1556,1503,1464,1555,1556,1547,1648,3569,1974,1810,1763,1796,1950,4110,1782,1891,2065,1897,1877,0,0,0,0,0,0
76,1457,1373,1352,1393,1395,1473,1547,1572,1591,1536,1497,1593,1599,1590,1693,3628,2003,1836,1797,1824,1975,4194,1810,1929,2097,1950,1906,0,0,0,0,0,0
77,1461,1391,1374,1418,1419,1500,1577,1600,1616,1569,1531,1627,1620,1617,1729,3679,2042,1859,1814,1853,2004,4251,1842,1964,2121,1962,1942,0,0,0,0,0,0
78,1474,1417,1384,1429,1418,1530,1600,1626,1656,1603,1567,1661,1667,1658,1766,3743,2087,1896,1848,1885,2049,4316,1872,2006,2162,2009,1967,0,0,0,0,0,0
79,1496,1434,1408,1440,1454,1557,1644,1649,1695,1680,1595,1703,1704,1686,1786,3805,2117,1933,1893,1922,2074,4454,1908,2039,2193,2029,2016,0,0,0,0,0,0
80,1528,1453,1426,1456,1473,1584,1683,1684,1729,1677,1622,1748,1749,1746,1844,3836,2141,1949,1920,1953,2095,4517,1934,2065,2235,2055,2029,0,0,0,0,0,0
81,1561,1507,1465,1496,1520,1619,1696,1713,1764,1692,1658,1786,1779,1777,1892,3909,2182,1979,1934,1967,2126,4604,1966,2105,2264,2108,2091,0,0,0,0,0,0
82,1569,1528,1481,1515,1528,1647,1737,1739,1796,1722,1696,1820,1821,1805,1913,3972,2227,2003,1958,1998,2155,4699,1996,2134,2295,2124,2098,0,0,0,0,0,0
83,1582,1541,1502,1536,1550,1674,1759,1778,1835,1769,1718,1852,1854,1846,1955,4036,2249,2054,1988,2027,2196,4684,2025,2182,2335,2150,2125,0,0,0,0,0,0
84,1609,1561,1513,1551,1570,1693,1774,1804,1868,1802,1762,1898,1887,1874,2006,4087,2276,2082,2023,2063,2225,4780,2053,2202,2378,2200,2165,0,0,0,0,0,0
85,1631,1575,1535,1569,1585,1736,1841,1835,1906,1829,1798,1937,1937,1927,2028,4156,2300,2114,2052,2092,2269,4854,2087,2239,2406,2214,2185,0,0,0,0,0,0
86,1648,1601,1549,1586,1606,1761,1850,1867,1944,1862,1836,1978,1975,1962,2092,4217,2353,2146,2097,2132,2302,4916,2111,2263,2433,2256,2229,0,0,0,0,0,0
87,1659,1617,1568,1602,1609,1797,1881,1901,1978,1897,1860,2020,2017,1999,2121,4288,2390,2185,2124,2164,2345,4983,2144,2293,2464,2289,2271,0,0,0,0,0,0
88,1696,1636,1581,1625,1639,1822,1906,1941,2007,1937,1905,2056,2057,2049,2169,4364,2420,2221,2154,2191,2384,5023,2161,2312,2494,2301,2270,0,0,0,0,0,0
89,1762,1641,1618,1654,1649,1841,1954,1962,2049,1976,1936,2090,2103,2077,2206,4400,2463,2244,2189,2222,2410,5088,2194,2348,2540,2349,2298,0,0,0,0,0,0
90,1760,1650,1640,1678,1685,1895,1966,2003,2096,2004,1969,2133,2137,2125,2256,4464,2501,2289,2231,2250,2445,5131,2213,2368,2563,2358,2341,0,0,0,0,0,0
91,1786,1672,1654,1694,1709,1919,1998,2033,2135,2065,2014,2179,2185,2170,2286,4520,2531,2322,2260,2291,2497,5191,2249,2399,2600,2400,2361,0,0,0,0,0,0
92,1817,1684,1677,1711,1723,1951,2036,2055,2176,2085,2050,2229,2222,2216,2353,4601,2574,2366,2301,2332,2534,5217,2269,2426,2634,2414,2376,0,0,0,0,0,0
93,1818,1703,1687,1735,1746,1983,2063,2083,2219,2116,2089,2276,2275,2253,2395,4670,2626,2401,2347,2377,2583,5300,2296,2456,2670,2448,2427,0,0,0,0,0,0
94,1875,1733,1721,1756,1770,2041,2190,2156,2351,2213,2127,2312,2315,2304,2443,4802,2690,2497,2457,2486,2674,5396,2330,2489,2707,2504,2458,0,0,0,0,0,0
95,1897,1762,1768,1801,1797,2197,2329,2302,2513,2420,2168,2353,2363,2351,2478,4892,2798,2636,2556,2614,2825,5431,2377,2534,2764,2543,2493,0,0,0,0,0,0
96,1914,1797,1796,1838,1846,2344,2413,2436,2585,2567,2204,2401,2405,2392,2540,5035,2911,2694,2607,2660,2872,5517,2407,2549,2795,2564,2524,0,0,0,0,0,0
97,1951,1848,1841,1892,1878,2385,2425,2471,2635,2617,2240,2448,2446,2436,2566,5062,2927,2708,2634,2677,2905,5574,2435,2593,2827,2608,2576,0,0,0,0,0,0
98,1964,1869,1859,1909,1935,2431,2484,2511,2679,2663,2289,2490,2501,2484,2624,5126,2976,2744,2654,2714,2947,5659,2473,2626,2864,2627,2613,0,0,0,0,0,0
99,1978,1890,1873,1918,1949,2476,2511,2558,2731,2709,2314,2536,2530,2524,2663,5182,3014,2776,2694,2751,2976,5766,2495,2650,2895,2680,2618,0,0,0,0,0,0
100,1988,1901,1889,1937,1971,2502,2555,2574,2774,2761,2363,2585,2579,2572,2708,5280,3039,2823,2735,2792,3032,5832,2521,2691,2937,2708,2649,0,0,0,0,0,0
101,2004,1929,1902,1961,1976,2541,2576,2622,2814,2792,2396,2635,2625,2621,2752,5360,3093,2843,2755,2813,3059,5882,2566,2718,2971,2716,2706,0,0,0,0,0,0
102,2039,1941,1928,1972,2012,2578,2621,2654,2869,2856,2432,2673,2681,2668,2821,5378,3120,2888,2794,2856,3100,5946,2585,2753,3007,2753,2709,0,0,0,0,0,0
103,2073,1966,1945,2004,2002,2621,2657,2700,2898,2886,2468,2723,2723,2714,2863,5451,3157,2933,2822,2896,3136,6052,2612,2775,3041,2789,2741,0,0,0,0,0,0
104,2084,1983,1960,2016,2034,2652,2679,2745,2977,2937,2520,2761,2766,2753,2889,5538,3210,2982,2883,2944,3187,6061,2635,2817,3083,2821,2770,0,0,0,0,0,0
105,2205,2098,2062,2093,2141,2702,2729,2788,3022,2992,2564,2820,2821,2808,2961,5582,3239,3008,2905,2977,3218,6179,2665,2849,3098,2838,2811,0,0,0,0,0,0
106,2232,2111,2081,2119,2163,2759,2815,2847,3074,3053,2600,2873,2861,2867,3011,5683,3270,3051,2957,3011,3264,6228,2692,2890,3148,2884,2831,0,0,0,0,0,0
107,2256,2138,2088,2142,2180,2807,2821,2873,3114,3101,2651,2920,2917,2903,3055,5745,3312,3093,2976,3054,3306,6286,2717,2909,3178,2921,2867,0,0,0,0,0,0
108,2281,2159,2117,2155,2193,2824,2866,2897,3175,3143,2689,2962,2961,2956,3103,5845,3374,3155,3033,3093,3352,6347,2748,2956,3211,2922,2917,0,0,0,0,0,0
109,2282,2179,2135,2177,2222,2865,2919,2928,3234,3194,2731,3008,3016,3008,3155,5890,3426,3181,3070,3144,3396,6451,2771,2971,3251,2967,2931,0,0,0,0,0,0
110,2322,2196,2151,2206,2225,2904,2961,2980,3264,3252,2778,3063,3065,3043,3210,5990,3461,3213,3122,3189,3447,6480,2792,2995,3280,3000,2955,0,0,0,0,0,0
111,2351,2220,2165,2208,2261,2954,2989,3018,3325,3299,2804,3105,3111,3100,3257,6053,3517,3266,3163,3232,3496,6531,2824,3036,3314,3017,2990,0,0,0,0,0,0
112,2362,2246,2195,2235,2268,2992,3016,3058,3371,3357,2853,3164,3160,3144,3301,6121,3550,3330,3203,3277,3540,6578,2857,3071,3348,3059,3012,0,0,0,0,0,0
113,2477,2348,2285,2325,2366,3042,3078,3103,3437,3411,2894,3204,3206,3200,3353,6183,3586,3336,3225,3315,3589,6677,2878,3094,3392,3083,3046,0,0,0,0,0,0
114,2480,2356,2300,2361,2389,3102,3140,3170,3499,3493,2936,3261,3260,3252,3407,6274,3604,3377,3254,3323,3613,6713,2902,3124,3410,3113,3081,0,0,0,0,0,0
115,2498,2387,2318,2387,2395,3150,3160,3207,3555,3533,2982,3312,3316,3312,3459,6301,3649,3418,3300,3396,3666,6820,2931,3163,3455,3153,3111,0,0,0,0,0,0
116,2545,2403,2339,2399,2399,3167,3167,3229,3599,3571,3032,3374,3359,3350,3533,6417,3705,3476,3354,3417,3707,6869,2972,3193,3486,3176,3133,0,0,0,0,0,0
117,2580,2421,2357,2411,2452,3209,3232,3262,3645,3622,3083,3412,3408,3410,3579,6467,3752,3501,3395,3473,3761,6926,2997,3213,3516,3205,3165,0,0,0,0,0,0
118,2592,2446,2377,2435,2481,3260,3274,3310,3699,3658,3124,3483,3482,3467,3647,6550,3809,3563,3450,3503,3803,7002,3018,3254,3555,3239,3219,0,0,0,0,0,0
119,2590,2471,2396,2466,2496,3309,3320,3348,3759,3751,3168,3533,3514,3506,3675,6624,3859,3617,3484,3560,3859,7061,3054,3286,3594,3276,3234,0,0,0,0,0,0
120,2637,2491,2420,2483,2503,3371,3376,3417,3808,3780,3236,3590,3574,3573,3738,6722,3911,3677,3522,3598,3921,7194,3084,3316,3621,3293,3279,0,0,0,0,0,0
121,2577,2444,2403,2488,2582,3408,3418,3452,3855,3848,3252,3619,3627,3619,3782,6764,3955,3703,3568,3654,3951,7203,3101,3346,3660,3337,3281,0,0,0,0,0,0
122,2611,2471,2424,2493,2610,3467,3476,3501,3936,3901,3304,3684,3685,3677,3846,6837,3996,3739,3617,3689,4006,7282,3133,3373,3684,3365,3337,0,0,0,0,0,0
123,2638,2490,2431,2524,2583,3501,3491,3552,3992,3947,3354,3739,3747,3726,3916,6895,4039,3798,3638,3722,4060,7289,3165,3410,3731,3391,3356,0,0,0,0,0,0
124,2647,2511,2453,2544,2638,3545,3520,3561,4048,4014,3395,3792,3788,3785,3961,7010,4082,3848,3705,3769,4118,7428,3188,3438,3759,3419,3384,0,0,0,0,0,0
125,2675,2533,2474,2579,2673,3604,3566,3607,4109,4068,3446,3854,3858,3836,4023,7094,4139,3879,3748,3829,4168,7539,3223,3466,3792,3457,3408,0,0,0,0,0,0
126,2724,2546,2490,2595,2686,3668,3625,3677,4149,4138,3518,3909,3923,3891,4090,7180,4172,3924,3778,3872,4207,7501,3234,3489,3822,3466,3447,0,0,0,0,0,0
127,2737,2575,2514,2588,2709,3710,3672,3719,4207,4189,3545,3967,3967,3948,4146,7232,4225,3981,3844,3933,4274,7580,3275,3514,3852,3515,3465,0,0,0,0,0,0
128,2742,2595,2539,2628,2715,3745,3722,3762,4298,4274,3599,4024,4032,4023,4202,7332,4274,4010,3869,3971,4317,7678,3307,3559,3891,3536,3509,0,0,0,0,0,0
129,2807,2657,2623,2740,2821,3785,3802,3809,4358,4323,3652,4085,4086,4069,4269,7408,4281,4050,3881,3987,4337,7770,3334,3594,3931,3594,3543,0,0,0,0,0,0
130,2862,2683,2631,2745,2866,3845,3825,3869,4396,4373,3693,4138,4147,4130,4320,7399,4297,4082,3918,4003,4377,7822,3368,3633,3963,3622,3588,0,0,0,0,0,0
131,2859,2707,2648,2784,2876,3899,3839,3924,4465,4429,3739,4216,4215,4187,4392,7473,4349,4093,3938,4048,4397,7913,3411,3671,4011,3660,3624,0,0,0,0,0,0
132,2890,2724,2679,2795,2915,3949,3897,3957,4505,4494,3811,4262,4270,4250,4443,7552,4390,4142,3959,4077,4434,7985,3436,3706,4052,3697,3642,0,0,0,0,0,0
133,2904,2743,2694,2824,2928,3998,3927,4008,4576,4545,3856,4343,4339,4302,4514,7621,4436,4165,3999,4114,4466,8105,3481,3753,4083,3727,3683,0,0,0,0,0,0
134,2926,2769,2719,2843,2966,4048,4022,4050,4642,4603,3899,4392,4386,4376,4557,7709,4441,4213,4028,4141,4508,8159,3508,3806,4143,3769,3722,0,0,0,0,0,0
135,2953,2793,2730,2868,2990,4081,4055,4076,4713,4665,3947,4445,4444,4428,4638,7769,4484,4236,4071,4170,4547,8266,3555,3844,4181,3816,3781,0,0,0,0,0,0
136,2987,2812,2750,2888,3017,4146,4063,4133,4755,4741,3993,4497,4508,4465,4685,7858,4526,4256,4087,4198,4559,8310,3590,3873,4206,3846,3803,0,0,0,0,0,0
137,3220,3005,2926,3098,3135,4204,4155,4163,4842,4793,4062,4564,4572,4551,4766,7870,4533,4296,4126,4254,4605,8391,3622,3928,4278,3898,3861,0,0,0,0,0,0
138,3204,3029,2953,3151,3156,4262,4219,4255,4894,4842,4096,4630,4623,4617,4823,7999,4603,4352,4151,4274,4655,8493,3661,3961,4302,3935,3900,0,0,0,0,0,0
139,3195,3053,2970,3147,3175,4307,4228,4297,4955,4902,4162,4695,4683,4668,4906,8008,4613,4372,4187,4315,4687,8607,3691,3999,4324,3987,3938,0,0,0,0,0,0
140,3232,3076,2996,3186,3189,4364,4278,4323,5029,4974,4200,4756,4745,4734,4950,8118,4663,4420,4207,4342,4714,8636,3733,4037,4374,4021,3960,0,0,0,0,0,0
141,3249,3100,3021,3198,3227,4425,4331,4386,5082,5022,4276,4813,4820,4805,5016,8131,4702,4452,4239,4367,4754,8729,3773,4087,4420,4045,4009,0,0,0,0,0,0
142,3314,3122,3037,3222,3244,4468,4380,4429,5148,5109,4321,4881,4875,4850,5069,8284,4750,4487,4297,4425,4792,8844,3818,4130,4447,4117,4046,0,0,0,0,0,0
143,3319,3151,3064,3254,3257,4523,4469,4479,5203,5163,4384,4947,4946,4926,5141,8298,4787,4537,4331,4466,4847,8969,3852,4168,4500,4134,4087,0,0,0,0,0,0
144,3382,3174,3084,3283,3307,4579,4516,4533,5254,5222,4430,5014,5008,4990,5192,8388,4813,4556,4363,4508,4863,9038,3886,4204,4544,4180,4131,0,0,0,0,0,0
145,3439,3216,3155,3354,3356,4633,4568,4600,5343,5283,4499,5070,5076,5062,5259,8416,4845,4593,4393,4534,4895,9073,3915,4258,4587,4216,4162,0,0,0,0,0,0
146,3477,3242,3171,3379,3384,4691,4605,4648,5409,5386,4553,5134,5141,5122,5347,8501,4887,4615,4403,4553,4924,9153,3969,4304,4622,4248,4200,0,0,0,0,0,0
147,3439,3264,3196,3401,3404,4748,4667,4709,5509,5450,4599,5196,5195,5169,5407,8563,4927,4650,4443,4596,4972,9254,3999,4358,4666,4289,4240,0,0,0,0,0,0
148,3502,3288,3211,3434,3423,4814,4716,4722,5529,5504,4659,5250,5254,5254,5469,8668,4972,4697,4459,4617,4988,9305,4033,4382,4710,4334,4275,0,0,0,0,0,0
149,3513,3308,3243,3449,3421,4858,4766,4806,5604,5578,4733,5337,5325,5310,5519,8697,4996,4717,4512,4660,5025,9415,4080,4412,4734,4381,4316,0,0,0,0,0,0
150,3567,3333,3276,3471,3453,4912,4844,4872,5668,5625,4787,5395,5398,5380,5600,8809,5055,4767,4551,4725,5083,9459,4100,4464,4790,4406,4363,0,0,0,0,0,0
151,3546,3359,3288,3505,3509,4961,4878,4922,5724,5675,4842,5450,5443,5432,5667,8859,5091,4823,4609,4752,5128,9563,4139,4496,4827,4459,4398,0,0,0,0,0,0
152,3579,3380,3300,3527,3539,5034,4944,4971,5806,5744,4899,5508,5513,5483,5714,8978,5129,4842,4618,4802,5144,9670,4169,4539,4853,4492,4455,0,0,0,0,0,0
153,3567,3395,3347,3606,3635,5099,4990,5034,5857,5826,4958,5583,5601,5572,5788,9007,5165,4884,4642,4831,5201,9669,4209,4582,4918,4537,4470,0,0,0,0,0,0
154,3628,3428,3354,3618,3634,5137,5056,5092,5931,5888,5023,5652,5652,5633,5867,9102,5203,4929,4677,4863,5246,9792,4257,4621,4935,4556,4521,0,0,0,0,0,0
155,3605,3458,3364,3640,3691,5203,5100,5149,6001,5947,5067,5719,5728,5687,5944,9116,5252,4954,4741,4901,5286,9884,4284,4666,4979,4603,4562,0,0,0,0,0,0
156,3643,3478,3404,3664,3667,5251,5174,5197,6065,6052,5144,5788,5794,5767,5994,9272,5303,4992,4788,4958,5319,9971,4333,4722,5013,4654,4590,0,0,0,0,0,0
157,3693,3493,3422,3699,3727,5319,5208,5261,6172,6100,5198,5863,5856,5840,6083,9306,5340,5035,4819,4983,5372,9990,4356,4733,5066,4683,4617,0,0,0,0,0,0
158,3673,3533,3440,3732,3744,5385,5284,5300,6213,6146,5248,5932,5929,5895,6171,9368,5395,5095,4858,5028,5411,10118,4408,4770,5102,4724,4662,0,0,0,0,0,0
159,3722,3561,3471,3748,3803,5443,5329,5378,6264,6232,5327,6015,6014,5985,6205,9449,5459,5133,4902,5066,5479,10171,4429,4804,5135,4762,4685,0,0,0,0,0,0
160,3738,3578,3497,3774,3811,5509,5382,5420,6350,6305,5381,6075,6087,6071,6296,9545,5483,5174,4917,5117,5515,10244,4472,4846,5181,4783,4734,0,0,0,0,0,0
161,3860,3650,3572,3827,3947,5564,5459,5487,6433,6371,5451,6155,6139,6140,6369,9543,5523,5199,4943,5133,5524,10327,4510,4896,5206,4831,4793,0,0,0,0,0,0
162,3849,3686,3613,3855,3967,5648,5510,5547,6486,6453,5513,6221,6231,6207,6453,9648,5578,5251,4963,5172,5570,10422,4548,4928,5261,4895,4814,0,0,0,0,0,0
163,3879,3704,3638,3876,4001,5702,5569,5621,6568,6510,5575,6313,6296,6281,6523,9698,5597,5290,5005,5224,5628,10508,4585,4976,5318,4910,4859,0,0,0,0,0,0
164,3894,3731,3659,3908,4017,5723,5635,5675,6642,6592,5659,6395,6383,6365,6602,9819,5630,5315,5058,5261,5657,10609,4628,5027,5343,5135,5040,0,0,0,0,0,0
165,3994,3765,3692,3937,4061,5853,5688,5747,6734,6672,5741,6449,6447,6428,6698,9877,5688,5348,5087,5294,5684,10696,4661,5059,5379,5150,5062,0,0,0,0,0,0
166,3983,3794,3715,3952,4067,5872,5765,5802,6798,6739,5798,6524,6519,6496,6750,9964,5702,5398,5138,5328,5737,10785,4704,5095,5426,5054,4966,0,0,0,0,0,0
167,4055,3814,3731,4003,4130,5966,5811,5809,6864,6825,5866,6582,6579,6577,6843,10021,5758,5448,5170,5364,5780,10870,4728,5132,5463,5082,5012,0,0,0,0,0,0
168,4034,3854,3779,4020,4135,6017,5904,5926,6945,6888,5938,6684,6670,6646,6901,10171,5807,5486,5193,5420,5819,10942,4767,5186,5519,5133,5041,0,0,0,0,0,0
169,4306,4132,3973,4213,4306,6101,5950,5994,7015,6968,6004,6744,6770,6739,7012,10165,5850,5485,5234,5462,5846,11014,4806,5218,5535,5167,5086,0,0,0,0,0,0
170,4309,4158,3994,4221,4336,6172,6004,6042,7113,7051,6079,6855,6840,6814,7121,10272,5892,5549,5287,5504,5877,11111,4838,5241,5577,5200,5135,0,0,0,0,0,0
171,4363,4179,4021,4277,4368,6237,6072,5888,7164,7118,6122,6910,6884,6895,7138,10275,5937,5613,5323,5549,5932,11210,4880,5302,5609,5231,5166,0,0,0,0,0,0
172,4411,4214,4064,4301,4381,6310,6139,6169,7251,7205,6202,6982,6977,6958,7239,10443,5998,5669,5373,5599,5997,11293,4910,5345,5670,5259,5195,0,0,0,0,0,0
173,4443,4241,4093,4340,4400,6377,6200,6228,7354,7262,6287,7077,7054,7024,7319,10483,6044,5718,5414,5610,6032,11349,4941,5367,5696,5298,5245,0,0,0,0,0,0
174,4416,4280,4111,4363,4417,6440,6238,6283,7399,7327,6364,7140,7147,7121,7395,10613,6080,5744,5454,5701,6085,11410,4968,5404,5733,5341,5263,0,0,0,0,0,0
175,4442,4305,4131,4383,4470,6513,6305,6359,7456,7410,6446,7226,7228,7216,7494,10629,6124,5814,5488,5745,6134,11478,5008,5441,5758,5359,5297,0,0,0,0,0,0
176,4481,4330,4161,4393,4505,6557,6386,6409,7555,7507,6503,7300,7316,7289,7544,10757,6179,5848,5522,5779,6160,11569,5035,5473,5814,5420,5346,0,0,0,0,0,0
177,4650,4494,4324,4574,4661,6632,6445,6476,7628,7581,6603,7390,7383,7377,7650,10798,6204,5877,5574,5821,6173,11682,5082,5502,5831,5450,5379,0,0,0,0,0,0
178,4677,4498,4345,4567,4689,6710,6508,6540,7717,7632,6643,7468,7474,7437,7716,10864,6280,5929,5602,5839,6250,11654,5094,5556,5890,5485,5401,0,0,0,0,0,0
179,4736,4517,4364,4608,4706,6771,6523,6490,7784,7718,6731,7558,7537,7541,7796,10930,6299,5956,5670,5892,6307,11816,5140,5568,5922,5521,5433,0,0,0,0,0,0
180,4691,4554,4399,4642,4738,6856,6601,6664,7868,7819,6795,7619,7617,7608,7889,11041,6372,6018,5694,5954,6342,11812,5169,5616,5971,5549,5462,0,0,0,0,0,0
181,4722,4576,4415,4692,4782,6911,6692,6710,7924,7874,6884,7707,7724,7692,7995,11080,6359,6036,5748,6017,6386,11921,5205,5647,6001,5571,5528,0,0,0,0,0,0
182,4841,4596,4447,4717,4782,6939,6717,6770,8014,8030,6943,7799,7797,7754,8047,11226,6445,6088,5788,6042,6426,12012,5236,5667,6033,5604,5543,0,0,0,0,0,0
183,4810,4635,4480,4729,4829,7066,6815,6839,8097,8051,7010,7862,7861,7851,8165,11264,6495,6121,5849,6087,6467,12070,5265,5707,6077,5628,5582,0,0,0,0,0,0
184,4867,4658,4516,4742,4866,7143,6868,6910,8174,8117,7090,7941,7958,7927,8223,11399,6553,6209,5895,6140,6532,12137,5288,5732,6122,5693,5595,0,0,0,0,0,0
185,4735,4526,4395,4739,4870,7203,6918,6981,8243,8211,7183,8023,8029,7981,8304,11423,6580,6209,5916,6175,6556,12212,5323,5755,6132,5710,5631,0,0,0,0,0,0
186,4739,4544,4427,4753,4883,7279,7007,7028,8329,8272,7229,8109,8108,8086,8367,11567,6669,6281,5963,6222,6617,12312,5347,5811,6181,5738,5692,0,0,0,0,0,0
187,4801,4580,4441,4793,4952,7357,7021,7103,8401,8372,7314,8189,8184,8148,8451,11579,6717,6320,5994,6246,6645,12393,5377,5842,6212,5778,5699,0,0,0,0,0,0
188,4840,4595,4483,4817,4995,7409,7129,7166,8504,8411,7373,8249,8248,8256,8553,11726,6752,6380,6091,6304,6725,12438,5413,5879,6272,5811,5747,0,0,0,0,0,0
189,4830,4623,4494,4839,5014,7470,7154,7207,8571,8554,7464,8367,8345,8314,8592,11766,6803,6436,6095,6354,6785,12552,5441,5902,6306,5843,5777,0,0,0,0,0,0
190,4863,4660,4517,4853,5047,7553,7249,7285,8649,8620,7549,8444,8443,8409,8698,11901,6870,6511,6150,6418,6822,12597,5477,5924,6338,5876,5795,0,0,0,0,0,0
191,4986,4684,4542,4877,5063,7636,7337,7346,8708,8697,7622,8568,8542,8474,8776,11899,6915,6524,6201,6476,6884,12617,5511,5970,6400,5916,5853,0,0,0,0,0,0
192,4933,4707,4580,4915,5071,7540,7370,7327,8826,8757,7672,8628,8626,8566,8892,12039,6959,6602,6255,6489,6945,12754,5553,5986,6414,5952,5890,0,0,0,0,0,0
193,5099,4891,4711,5078,5198,7750,7466,7484,8941,8835,7793,8716,8735,8648,8956,12087,6988,6627,6250,6520,6983,12816,5586,6041,6458,5966,5935,0,0,0,0,0,0
194,5097,4917,4739,5094,5227,7861,7529,7561,8994,8901,7842,8816,8800,8750,9043,12170,7028,6656,6334,6573,7010,12887,5620,6089,6501,5992,5954,0,0,0,0,0,0
195,5164,4949,4752,5128,5254,7918,7586,7630,9058,9041,7924,8845,8859,8821,9117,12174,7038,6672,6359,6584,7042,13004,5636,6104,6539,6074,5970,0,0,0,0,0,0
196,5175,4974,4785,5161,5290,8002,7645,7707,9168,9135,8014,8928,8929,8927,9219,12290,7141,6689,6404,6635,7070,13070,5674,6144,6567,6097,6013,0,0,0,0,0,0
197,5212,4991,4810,5191,5324,8108,7716,7772,9236,9177,8079,9011,9008,8986,9295,12330,7152,6753,6474,6699,7127,13203,5698,6197,6630,6105,6051,0,0,0,0,0,0
198,5247,5029,4815,5208,5333,8166,7801,7823,9287,9280,8167,9107,9093,9098,9365,12458,7190,6810,6507,6741,7186,13197,5729,6230,6665,6152,6091,0,0,0,0,0,0
199,5249,5056,4862,5247,5382,8227,7860,7908,9422,9334,8235,9180,9187,9169,9462,12457,7240,6845,6496,6768,7229,13345,5766,6282,6705,6169,6115,0,0,0,0,0,0
200,5224,5090,4905,5265,5392,8290,7921,7952,9483,9419,8323,9269,9276,9242,9544,12615,7266,6865,6548,6805,7258,13426,5785,6301,6735,6199,6131,0,0,0,0,0,0
201,5738,5492,5257,5522,5711,8368,7987,8036,9561,9557,8391,9387,9361,9337,9647,12605,7293,6879,6594,6872,7320,13484,5828,6320,6782,6268,6186,0,0,0,0,0,0
202,5761,5501,5305,5567,5741,8449,8042,8111,9643,9622,8474,9441,9454,9408,9752,12754,7358,6954,6623,6884,7355,13591,5863,6397,6813,6272,6192,0,0,0,0,0,0
203,5729,5529,5326,5597,5779,8513,8134,8155,9752,9710,8545,9564,9512,9478,9803,12777,7375,6987,6690,6938,7396,13584,5884,6413,6864,6307,6227,0,0,0,0,0,0
204,5821,5571,5356,5578,5784,8605,8197,8231,9826,9805,8630,9601,9629,9589,9917,12963,7432,7044,6696,6993,7421,13701,5928,6449,6890,6355,6269,0,0,0,0,0,0
205,5834,5587,5388,5642,5825,8664,8269,8320,9923,9890,8770,9699,9706,9676,10005,12985,7484,7094,6781,7049,7472,13845,5960,6502,6942,6407,6303,0,0,0,0,0,0
206,5846,5620,5396,5659,5867,8740,8333,8380,10001,9950,8809,9801,9820,9748,10094,13133,7539,7111,6788,7067,7503,13838,5980,6519,6974,6425,6356,0,0,0,0,0,0
207,5875,5635,5427,5694,5885,8829,8408,8455,10081,10008,8901,9945,9964,9862,10181,13118,7579,7184,6842,7147,7568,14008,5998,6563,7016,6464,6391,0,0,0,0,0,0
208,5913,5680,5461,5740,5913,8893,8488,8516,10168,10154,8959,10012,10030,9938,10271,13250,7615,7225,6936,7190,7644,13997,6053,6593,7062,6507,6406,0,0,0,0,0,0
209,5960,5859,5578,5874,6130,8974,8506,8589,10247,10224,9041,10141,10130,10035,10365,13262,7653,7266,6930,7194,7640,14070,6088,6638,7066,6508,6438,0,0,0,0,0,0
210,6019,5901,5608,5904,6174,9081,8615,8651,10320,10331,9133,10210,10190,10097,10434,13390,7679,7273,6933,7226,7672,14156,6115,6668,7124,6552,6465,0,0,0,0,0,0
211,5994,5915,5629,5914,6207,9109,8652,8738,10442,10456,9220,10237,10259,10196,10541,13422,7734,7322,7011,7280,7730,14319,6158,6696,7166,6633,6515,0,0,0,0,0,0
212,6018,5951,5645,5946,6227,9214,8755,8781,10523,10435,9309,10327,10339,10314,10654,13531,7789,7394,7063,7328,7815,14282,6168,6730,7203,6638,6560,0,0,0,0,0,0
213,6083,5984,5691,5969,6248,9293,8850,8865,10575,10567,9390,10418,10416,10388,10727,13550,7843,7432,7102,7411,7828,14415,6221,6783,7244,6657,6587,0,0,0,0,0,0
214,6090,6011,5716,6027,6281,9382,8908,8939,10681,10669,9465,10514,10520,10498,10819,13688,7889,7472,7133,7421,7867,14521,6240,6819,7283,6691,6607,0,0,0,0,0,0
215,6133,6044,5735,6041,6325,9471,8958,9016,10780,10752,9564,10611,10631,10558,10922,13788,7939,7524,7189,7463,7936,14526,6284,6826,7329,6726,6653,0,0,0,0,0,0
216,6165,6065,5775,6075,6361,9537,9066,9083,10878,10874,9632,10715,10712,10675,11013,13940,7994,7573,7257,7505,7982,14635,6295,6867,7356,6760,6669,0,0,0,0,0,0
217,6151,5836,5687,6163,6342,9613,9141,9128,10945,10952,9722,10787,10810,10793,11104,13916,8090,7627,7271,7572,8026,14744,6323,6909,7401,6816,6708,0,0,0,0,0,0
218,6211,5859,5713,6164,6399,9713,9208,9240,11072,10977,9831,10877,10882,10833,11220,14040,8118,7668,7364,7611,8064,14817,6365,6944,7459,6829,6726,0,0,0,0,0,0
219,6208,5897,5723,6174,6423,9751,9279,9310,11123,11066,9887,10978,10959,10938,11300,14132,8117,7699,7360,7660,8092,14899,6403,6992,7454,6860,6798,0,0,0,0,0,0
220,6215,5918,5760,6216,6465,9865,9349,9373,11248,11205,9992,11050,11066,11048,11410,14283,8226,7797,7411,7693,8184,14930,6432,7035,7519,6893,6806,0,0,0,0,0,0
221,6219,5933,5784,6283,6482,9966,9416,9450,11307,11297,10073,11177,11160,11146,11498,14277,8246,7823,7498,7772,8236,15018,6463,7057,7561,6931,6853,0,0,0,0,0,0
222,6307,5975,5809,6287,6491,10027,9481,9540,11426,11423,10187,11256,11228,11237,11547,14417,8296,7904,7539,7825,8292,15114,6499,7102,7598,6953,6879,0,0,0,0,0,0
223,6362,6009,5841,6299,6572,10092,9505,9585,11513,11507,10275,11376,11384,11328,11671,14459,8393,7976,7566,7876,8311,15172,6528,7130,7603,6997,6908,0,0,0,0,0,0
224,6343,6022,5853,6340,6557,10194,9617,9684,11591,11600,10333,11458,11466,11431,11794,14638,8434,7975,7624,7903,8384,15156,6549,7172,7656,7027,6942,0,0,0,0,0,0
225,6474,6157,6005,6496,6815,10273,9704,9742,11708,11686,10495,11564,11571,11522,11883,14600,8460,8031,7637,7949,8408,15348,6596,7202,7714,7077,6966,0,0,0,0,0,0
226,6545,6182,6028,6533,6855,10359,9804,9862,11796,11778,10518,11650,11675,11627,11973,14720,8483,8067,7666,8003,8492,15372,6615,7239,7750,7095,7000,0,0,0,0,0,0
227,6539,6211,6041,6555,6873,10447,9863,9892,11888,11829,10630,11746,11751,11758,12083,14739,8541,8115,7728,8029,8515,15518,6645,7272,7782,7111,7043,0,0,0,0,0,0
228,6612,6242,6069,6580,6873,10527,9928,9901,11963,11989,10712,11824,11842,11822,12167,14869,8570,8138,7801,8096,8573,15560,6684,7306,7826,7190,7056,0,0,0,0,0,0
229,6623,6254,6104,6618,6954,10605,9972,10077,12081,12078,10779,11911,11941,11916,12278,14913,8621,8188,7823,8129,8612,15698,6717,7339,7866,7204,7090,0,0,0,0,0,0
230,6586,6290,6109,6635,6951,10678,10053,10136,12170,12071,10894,12017,12038,12020,12363,15053,8701,8231,7848,8169,8649,15726,6727,7385,7884,7269,7129,0,0,0,0,0,0
231,6616,6328,6150,6688,7020,10779,10178,10208,12266,12177,11013,12156,12144,12093,12467,15062,8714,8280,7919,8187,8717,15791,6780,7401,7923,7269,7185,0,0,0,0,0,0
232,6682,6349,6180,6667,7007,10861,10254,10265,12355,12311,11066,12227,12227,12201,12570,15224,8763,8344,7956,8265,8746,15919,6802,7447,7968,7305,7209,0,0,0,0,0,0
233,7094,6801,6626,7048,7380,10954,10326,10295,12480,12447,11178,12314,12320,12311,12656,15241,8844,8365,8011,8326,8811,15944,6833,7496,8015,7348,7225,0,0,0,0,0,0
234,7073,6812,6626,7059,7445,11012,10426,10439,12534,12526,11290,12462,12435,12415,12762,15392,8853,8434,8068,8359,8883,16117,6861,7522,8061,7390,7272,0,0,0,0,0,0
235,7152,6886,6693,7101,7464,11125,10469,10507,12666,12561,11364,12513,12527,12486,12822,15391,8919,8496,8083,8431,8889,16132,6905,7566,8081,7405,7313,0,0,0,0,0,0
236,7154,6902,6703,7147,7510,11222,10564,10612,12744,12863,11460,12647,12629,12567,12921,15556,9009,8557,8154,8456,8978,16182,6931,7593,8131,7437,7349,0,0,0,0,0,0
237,7185,6920,6745,7188,7523,11315,10664,10675,12828,12833,11559,12726,12726,12671,13053,15604,9065,8610,8170,8489,9033,16287,6967,7648,8171,7469,7373,0,0,0,0,0,0
238,7244,6946,6784,7168,7580,11388,10745,10771,12923,12815,11650,12825,12838,12784,13162,15729,9099,8649,8240,8551,9112,16402,6998,7669,8222,7493,7430,0,0,0,0,0,0
239,7246,6990,6799,7246,7622,11499,10778,10814,13055,12977,11767,12908,12910,12871,13246,15770,9161,8700,8286,8629,9162,16467,7021,7681,8264,7537,7423,0,0,0,0,0,0
240,7332,7031,6835,7295,7669,11579,10890,10915,13102,13068,11854,12984,13028,12968,13345,15896,9207,8760,8326,8664,9190,16560,7068,7732,8278,7580,7491,0,0,0,0,0,0
241,7465,7162,6984,7342,7749,11684,10982,11039,13226,13128,11967,13131,13093,13080,13485,15891,9252,8783,8372,8690,9239,16653,7073,7764,8329,7609,7537,0,0,0,0,0,0
242,7486,7227,7023,7415,7744,11780,11089,11111,13312,13266,12033,13238,13201,13200,13569,16041,9339,8839,8364,8731,9259,16686,7123,7821,8377,7624,7533,0,0,0,0,0,0
243,7568,7244,7050,7469,7775,11865,11147,11167,13433,13367,12149,13338,13313,13298,13696,16024,9336,8895,8480,8799,9336,16771,7149,7863,8412,7685,7576,0,0,0,0,0,0
244,7612,7294,7089,7493,7852,11858,11224,11235,13548,13489,12302,13436,13448,13432,13809,16202,9406,8933,8531,8857,9375,16955,7209,7891,8435,7723,7625,0,0,0,0,0,0
245,7614,7345,7147,7490,7918,12073,11309,11364,13597,13562,12370,13554,13575,13521,13945,16201,9466,8986,8517,8909,9445,16982,7238,7922,8463,7745,7680,0,0,0,0,0,0
246,7648,7373,7180,7548,7936,12154,11401,11453,13751,13710,12460,13683,13669,13633,14060,16391,9532,9047,8667,8991,9520,17108,7278,7942,8524,7785,7701,0,0,0,0,0,0
247,7693,7412,7201,7624,7972,12244,11476,11526,13808,13773,12557,13777,13771,13734,14132,16399,9600,9097,8644,8998,9583,17122,7312,7988,8571,7845,7724,0,0,0,0,0,0
248,7725,7418,7256,7631,7992,12337,11580,11603,13913,13920,12656,13894,13857,13884,14268,16593,9648,9154,8716,9019,9601,17195,7309,8024,8604,7838,7771,0,0,0,0,0,0
249,7600,7267,7067,7641,7985,12448,11679,11712,14057,13935,12773,14004,14019,13980,14383,16576,9697,9203,8764,9109,9669,17264,7372,8069,8669,7917,7786,0,0,0,0,0,0
250,7612,7304,7061,7649,7977,12514,11749,11726,14131,14064,12882,14134,14115,14079,14470,16774,9774,9236,8837,9174,9719,17328,7403,8110,8690,7947,7810,0,0,0,0,0,0
251,7630,7328,7110,7732,8026,12600,11845,11864,14260,14150,12989,14222,14222,14210,14585,16763,9820,9312,8871,9201,9796,17516,7445,8152,8742,7971,7866,0,0,0,0,0,0
252,7727,7340,7147,7772,8045,12716,11923,11939,14389,14299,13102,14368,14334,14303,14712,16954,9880,9338,8929,9223,9839,17539,7478,8186,8769,7990,7910,0,0,0,0,0,0
253,7761,7384,7234,7813,8094,12800,11954,12050,14423,14348,13177,14425,14429,14420,14799,16899,9943,9415,8933,9287,9900,17579,7490,8226,8818,8029,7948,0,0,0,0,0,0
254,7756,7405,7254,7805,8145,12851,12085,12136,14579,14438,13276,14564,14557,14526,14921,17100,9999,9470,9056,9360,9936,17666,7530,8245,8854,8103,8002,0,0,0,0,0,0
255,7801,7484,7376,7854,8137,12971,12143,12200,14639,14575,13412,14666,14670,14646,15044,17141,10057,9543,9058,9421,10049,17789,7573,8302,8917,8098,8028,0,0,0,0,0,0
256,7866,7463,7271,7946,8220,13080,12188,12305,14772,14638,13512,14761,14784,14770,15181,17208,10105,9592,9148,9459,10084,17899,7598,8335,8940,8127,8039,0,0,0,0,0,0
257,8319,8014,7855,8182,8654,13163,12362,12371,14895,14779,13623,14879,14869,14873,15255,17213,10110,9569,9125,9469,10094,17913,7624,8368,8982,8187,8078,0,0,0,0,0,0
258,8006,7683,7492,7947,8411,13231,12453,12462,15081,14887,13723,14967,15017,14952,15382,17352,10168,9612,9184,9523,10121,18047,7693,8424,9032,8236,8159,0,0,0,0,0,0
259,8128,7688,7465,8212,8472,13351,12515,12562,15056,14970,13838,15112,15117,15071,15483,17373,10188,9694,9202,9542,10191,18137,7718,8461,9074,8297,8185,0,0,0,0,0,0
260,8424,8195,8113,8335,8776,13439,12595,12653,15169,15078,13926,15202,15242,15149,15619,17416,10232,9680,9255,9571,10252,18179,7746,8507,9104,8304,8189,0,0,0,0,0,0
261,8507,8243,8118,8372,8774,13530,12679,12743,15252,15159,14020,15341,15324,15283,15753,17539,10272,9739,9262,9642,10277,18242,7807,8555,9162,8332,8270,0,0,0,0,0,0
262,8227,7807,7696,8123,8578,13633,12755,12820,15365,15278,14146,15429,15471,15433,15973,17666,10329,9768,9295,9654,10320,18469,7831,8582,9205,8381,8300,0,0,0,0,0,0
263,8344,7898,7701,8282,8721,13733,12868,12906,15543,15421,14379,15588,15597,15505,16072,17674,10357,9833,9353,9722,10369,18477,7881,8634,9248,8447,8319,0,0,0,0,0,0
264,8562,8268,8146,8529,8902,13844,12917,12997,15586,15593,14407,15688,15715,15724,16124,17791,10386,9856,9394,9775,10402,18616,7922,8680,9289,8476,8390,0,0,0,0,0,0
265,8770,8694,8360,8821,8990,13923,13044,13086,15669,15607,14461,15800,15942,15835,16321,17836,10444,9918,9424,9783,10433,18745,7957,8769,9336,8535,8428,0,0,0,0,0,0
266,8440,8150,8123,8842,8834,14016,13143,13168,15830,15791,14727,15915,15978,15934,16324,18000,10487,9947,9467,9850,10477,18801,8011,8783,9411,8568,8460,0,0,0,0,0,0
267,8518,8263,8052,8671,8979,14105,13139,13251,15943,15850,14728,16038,16020,16160,16425,18001,10537,9974,9477,9851,10531,18954,8030,8832,9437,8622,8509,0,0,0,0,0,0
268,8962,8706,8795,8954,9222,14219,13249,13346,16041,15953,14956,16335,16174,16340,16711,18110,10606,10065,9544,9921,10561,19107,8079,8874,9466,8688,8557,0,0,0,0,0,0
269,8993,8660,8546,9053,9115,14293,13390,13418,16129,16143,14976,16430,16427,16330,16789,18233,10608,10080,9569,9939,10611,19104,8110,8917,9527,8724,8579,0,0,0,0,0,0
270,8774,8270,8420,8865,9124,14398,13452,13522,16247,16128,15161,16497,16543,16339,16962,18305,10656,10090,9625,9967,10692,19376,8155,8949,9580,8732,8652,0,0,0,0,0,0
271,8878,8546,8516,8961,9157,14498,13566,13606,16383,16283,15246,16688,16627,16740,16963,18333,10695,10138,9654,10035,10694,19373,8208,8981,9597,8762,8682,0,0,0,0,0,0
272,9162,9064,8897,9209,9678,14500,13643,13703,16509,16393,15592,16840,16770,16761,17071,18425,10703,10214,9719,10068,10769,19412,8234,9038,9655,8889,8711,0,0,0,0,0,0
273,9248,9153,9097,9447,9864,14679,13741,13788,16619,16491,15611,17030,17010,16894,17468,18467,10756,10208,9752,10131,10775,19600,8314,9083,9679,8888,8764,0,0,0,0,0,0
274,9066,8774,8321,9413,9501,14797,13827,13881,16702,16562,15796,17101,17146,17134,17530,18637,10836,10243,9743,10134,10827,19566,8323,9133,9746,8916,8797,0,0,0,0,0,0
275,9341,8953,8796,9361,9550,14889,13957,13975,16808,16683,16023,17143,17227,17239,17697,18593,10844,10293,9812,10193,10894,19733,8349,9177,9761,8978,8857,0,0,0,0,0,0
276,9414,9410,9282,9567,9808,14979,14014,14060,16926,16792,16135,17301,17532,17359,17756,18781,10883,10355,9873,10258,10924,19861,8431,9235,9847,9006,8908,0,0,0,0,0,0
277,9688,9420,9253,9720,9990,15053,14100,14150,17047,16933,16310,17488,17582,17408,18040,18742,10934,10393,9888,10267,10944,19965,8474,9251,9872,9050,8951,0,0,0,0,0,0
278,9578,8972,8953,9613,9746,15173,14193,14248,17150,16997,16380,17831,17719,17704,18134,18913,10961,10437,9909,10295,11018,20134,8478,9307,9926,9087,8984,0,0,0,0,0,0
279,9541,9111,8846,9523,9868,15263,14317,14327,17261,17181,16589,17857,17842,17928,18154,18894,11027,10469,9971,10346,11066,20232,8543,9351,9962,9132,9040,0,0,0,0,0,0
280,9913,9541,9551,9660,10183,15374,14363,14434,17409,17283,16690,17967,17962,17919,18350,19031,11082,10500,10013,10380,11088,20419,8569,9393,10003,9187,9079,0,0,0,0,0,0
281,10160,9884,9743,10174,10480,15458,14482,14552,17466,17356,16780,18077,18192,18130,18576,19025,11079,10557,10036,10437,11142,20373,8601,9450,10048,9216,9098,0,0,0,0,0,0
282,9853,9418,9335,9930,10225,15596,14542,14616,17584,17492,16867,18273,18264,18256,18648,19215,11179,10610,10097,10483,11176,20543,8640,9497,10112,9269,9211,0,0,0,0,0,0
283,9883,9481,9261,9847,10147,15650,14654,14676,17677,17683,17054,18295,18339,18432,18838,19214,11202,10653,10118,10551,11201,20612,8707,9529,10095,9311,9190,0,0,0,0,0,0
284,10207,9990,9834,10261,10475,15797,14736,14774,17789,17738,17083,18597,18356,18571,19000,19331,11296,10675,10156,10561,11272,20718,8724,9585,10158,9377,9233,0,0,0,0,0,0
285,10203,10038,9857,10152,10599,15889,14873,14904,17935,17863,17222,18638,18693,18569,19044,19375,11297,10767,10217,10640,11334,20809,8780,9629,10216,9415,9308,0,0,0,0,0,0
286,10060,9664,9487,10075,10275,15984,14934,14956,18077,17945,17093,18825,18448,18784,19220,19576,11360,10816,10252,10654,11400,21024,8797,9655,10428,9446,9307,0,0,0,0,0,0
287,9780,9649,9518,10057,10380,16125,15048,15078,18172,18040,17384,18933,18864,18733,19376,19599,11413,10848,10315,10749,11443,21180,8874,9713,10313,9535,9346,0,0,0,0,0,0
288,10397,10210,9912,10325,10674,16192,15110,15046,18122,18216,17468,18814,18870,18862,19246,19642,11375,10889,10234,10638,11478,21090,8890,9686,10271,9437,9404,0,0,0,0,0,0
289,10527,10220,10131,10583,10858,16184,15107,15094,18469,18523,17653,19013,19044,19027,19376,19491,11366,10950,10329,10757,11464,21294,8922,9834,10397,9500,9362,0,0,0,0,0,0
290,10080,9792,9725,10284,10546,16329,15165,15222,18579,18296,17625,19180,19113,19059,19558,19997,11445,10827,10405,10908,11627,21315,8878,9735,10475,9666,9406,0,0,0,0,0,0
291,10319,9921,9773,10381,10676,16540,15378,15365,18553,18430,17855,19392,19330,19265,19857,19752,11553,10932,10399,10899,11525,21572,9011,9838,10447,9660,9515,0,0,0,0,0,0
292,10737,10399,10306,10719,11072,16628,15356,15478,18660,18549,18084,19547,19527,19491,19928,19926,11555,10989,10463,10861,11584,21581,9022,9921,10480,9640,9531,0,0,0,0,0,0
293,10817,10435,10334,10809,11071,16669,15537,15575,18788,18674,18224,19657,19480,19616,20079,19956,11679,11024,10454,10908,11627,21686,9092,9928,10530,9683,9588,0,0,0,0,0,0
294,10498,9804,9886,10558,10772,16901,15609,15678,18860,18741,18305,19746,19737,19714,20164,20001,11641,11031,10490,10895,11645,21771,9071,9989,10576,9748,9618,0,0,0,0,0,0
295,10552,10087,9976,10466,10852,16943,15714,15766,19056,18883,18295,19791,19810,19875,20244,20073,11709,11109,10584,11003,11751,21750,9137,10041,10629,9828,9645,0,0,0,0,0,0
296,10939,10624,10454,10914,11238,17030,15833,15912,19178,19142,18422,20096,20059,20019,20434,20184,11698,11192,10603,11043,11852,21824,9263,10080,10844,9824,9796,0,0,0,0,0,0
297,11010,10764,10590,11141,11577,17207,15991,16008,19351,19141,18708,20027,20110,20031,20635,20208,11791,11218,10669,11037,11861,21956,9255,10196,10793,9921,9730,0,0,0,0,0,0
298,10739,10286,10166,10791,11045,17260,16011,16112,19446,19360,18808,20307,20282,20283,20706,20519,11865,11227,10723,11128,11850,22173,9441,10205,10843,9928,9842,0,0,0,0,0,0
299,10657,10341,10191,10813,11133,17504,16231,16180,19537,19581,18952,20461,20391,20285,20854,20505,11880,11376,10702,11087,12001,22143,9395,10337,10853,9914,9856,0,0,0,0,0,0
300,11014,10823,10619,11129,11531,17466,16244,16187,19672,19479,18908,20499,20407,20406,20864,20436,11856,11355,10853,11192,11916,22348,9307,10271,10823,10292,9855,0,0,0,0,0,0
301,11264,10887,10766,11242,11594,17671,16359,16445,19932,19741,19156,20646,20574,20623,21114,20532,12132,11428,10888,11316,12080,22333,9357,10405,10994,10127,9884,0,0,0,0,0,0
302,10961,10435,10414,10861,11147,17772,16560,16546,20180,19696,19185,20824,20655,20796,21232,20777,12094,11486,10941,11319,12101,22440,9396,10375,11000,10151,9910,0,0,0,0,0,0
303,10958,10565,10254,10980,11203,18013,16589,16781,19892,19866,19452,20873,20889,20775,21404,20681,12204,11535,10851,11284,12180,22627,9484,10391,10932,10134,10011,0,0,0,0,0,0
304,11357,11132,10755,11447,11938,18059,16611,16829,20277,20401,19540,21077,20931,21054,21415,21088,12263,11559,10958,11415,12200,22615,9653,10502,11050,10402,10268,0,0,0,0,0,0
305,11501,11136,11017,11606,12077,18220,16679,16837,20315,20004,19661,21072,21130,21113,21595,20891,12217,11609,11050,11415,12243,22757,9524,10481,11089,10281,10060,0,0,0,0,0,0
306,11132,10776,10626,11207,11581,18257,16753,16926,20364,20385,19708,21164,21279,21238,21723,21103,12253,11577,11030,11446,12162,22896,9607,10608,11114,10406,10115,0,0,0,0,0,0
307,11240,10862,10600,11283,11518,18395,16828,17064,20385,20561,19846,21299,21405,21403,21839,20893,12223,11571,11001,11622,12214,22868,9767,10500,11089,10275,10262,0,0,0,0,0,0
308,11623,11272,11075,11579,12035,18570,16950,16908,20697,20421,19964,21488,21498,21422,21880,21138,12258,11612,11059,11539,12283,23089,9673,10575,11168,10512,10234,0,0,0,0,0,0
309,11640,10920,11118,11566,12069,18580,17108,17053,20755,20607,20143,21552,21629,21593,22032,21090,12297,11758,11145,11573,12307,23048,9779,10590,11229,10379,10215,0,0,0,0,0,0
310,11330,10835,10733,11332,11619,18791,17177,17154,20836,20763,20227,21766,21754,21669,22106,21250,12382,11780,11126,11573,12412,23172,9760,10643,11214,10390,10262,0,0,0,0,0,0
311,11427,10888,10779,11354,11675,18870,17357,17187,20930,20802,20307,21863,21888,21820,22272,21264,12454,11795,11179,11625,12478,23311,9777,10750,11258,10487,10273,0,0,0,0,0,0
312,11662,11387,11180,11752,12392,18815,17361,17367,21032,20906,20451,21960,21976,21937,22422,21375,12520,11904,11252,11732,12471,23358,9859,10704,11360,10452,10360,0,0,0,0,0,0
313,11929,11596,11393,12043,12575,19222,17489,17387,21184,21141,20588,22106,22128,22100,22547,21370,12482,11913,11328,11822,12525,23453,9830,10732,11407,10502,10395,0,0,0,0,0,0
314,11562,11166,10945,11670,11974,18935,17615,17497,21323,21185,20708,22206,22233,22303,22693,21570,12532,11897,11370,11780,12565,23617,9895,10860,11435,10576,10627,0,0,0,0,0,0
315,11647,11149,11048,11718,11989,19456,17760,17630,21431,21368,20836,22344,22405,22351,22804,21565,12584,11955,11415,11835,12675,23588,9910,10823,11477,10649,10519,0,0,0,0,0,0
316,12095,11693,11518,12030,12682,19468,17898,17745,21558,21485,21000,22527,22492,22432,22931,21756,12686,12030,11455,11860,12733,23822,9970,10881,11545,10667,10558,0,0,0,0,0,0
317,12098,11732,11541,12056,12670,19711,17882,17892,21757,21525,21088,22705,22591,22552,23075,21782,12693,12058,11491,11946,12802,23807,10038,10985,11555,10709,10559,0,0,0,0,0,0
318,11739,11283,11096,11814,12174,19718,18062,17973,21834,21671,21151,22793,22778,22759,23218,21948,12761,12167,11506,11983,12830,23898,10087,10942,11658,10741,10615,0,0,0,0,0,0
319,11863,11160,11137,11900,12137,19838,18209,18053,22071,21802,21330,22883,22882,22890,23344,22003,12849,12164,11532,12029,12901,24056,10091,11077,11673,10762,10828,0,0,0,0,0,0
320,12245,11841,11732,12209,12920,19943,18301,18093,22400,22080,21512,23006,22982,22949,23431,22044,12897,12235,11593,12035,12911,24013,10186,11067,11680,10867,10660,0,0,0,0,0,0
321,12357,12054,11887,12383,12987,20083,18474,18271,22193,22194,21567,23144,23144,23115,23605,22053,12918,12255,11660,12126,12956,24133,10159,11132,11739,10860,10775,0,0,0,0,0,0
322,12094,11590,11431,12014,12454,20011,18543,18391,22332,22566,21734,23274,23257,23253,23797,22163,12936,12279,11635,12126,13014,24314,10238,11124,11774,10900,10756,0,0,0,0,0,0
323,12104,11628,11407,12048,12442,20358,18539,18420,22449,22307,21812,23390,23386,23345,23836,22150,13031,12319,11690,12167,13004,24227,10268,11169,11807,10902,10942,0,0,0,0,0,0
324,12513,12184,11951,12437,12991,20411,18709,18529,22684,22376,21919,23534,23521,23478,23977,22389,13037,12360,11719,12212,13105,24395,10315,11221,11857,10952,10864,0,0,0,0,0,0
325,12550,12224,11985,12450,13063,20529,18798,18618,22708,22531,22050,23657,23622,23608,24081,22298,13071,12393,11764,12239,13096,24455,10353,11257,11893,11038,10914,0,0,0,0,0,0
326,12214,11764,11533,12147,12522,20632,19046,18695,22788,22668,22189,23803,23768,23766,24237,22407,13163,12454,11816,12282,13185,24632,10399,11307,11937,11048,10906,0,0,0,0,0,0
327,12245,11826,11575,12234,12610,20789,19033,18844,22977,22785,22305,23955,23954,23894,24394,22458,13156,12503,11866,12334,13198,24668,10415,11356,11985,11147,10963,0,0,0,0,0,0
328,12627,12332,12068,12615,13272,20886,19109,18945,23080,22901,22456,24120,24048,24034,24514,22632,13198,12553,11893,12439,13237,24776,10479,11402,12030,11190,11011,0,0,0,0,0,0
329,12889,12610,12302,12757,13584,21095,19272,19035,23221,23037,22587,24202,24193,24182,24662,22623,13246,12580,11924,12391,13264,24886,10531,11442,12077,11176,11105,0,0,0,0,0,0
330,12515,12128,11916,12390,13001,21190,19297,19183,23320,23190,22727,24356,24400,24298,24791,22735,13278,12631,12008,12445,13332,24899,10552,11495,12135,11232,11148,0,0,0,0,0,0
331,12566,12149,11851,12472,13026,21260,19556,19277,23440,23373,22849,24453,24480,24393,24944,22780,13304,12675,12025,12495,13397,25116,10613,11535,12190,11314,11128,0,0,0,0,0,0
332,13086,12625,12424,12864,13523,21311,19566,19363,23591,23548,22966,24596,24601,24547,25055,22920,13465,12728,12061,12540,13420,25147,10634,11573,12209,11385,11260,0,0,0,0,0,0
333,13069,12743,12450,12866,13627,21490,19746,19501,23809,23556,23074,24741,24735,24709,25188,22980,13508,12831,12104,12581,13465,25192,10677,11642,12295,11402,11279,0,0,0,0,0,0
334,12735,12278,11964,12594,13137,21631,19827,19683,23994,23712,23210,24852,24844,24820,25326,23100,13504,12811,12147,12657,13506,25310,10708,11689,12267,11440,11251,0,0,0,0,0,0
335,12755,12321,12027,12655,13237,21686,20050,19683,24051,23923,23374,25020,25004,24989,25488,23160,13568,12868,12203,12692,13589,25322,10812,11728,12314,11487,11337,0,0,0,0,0,0
336,13121,12860,12548,13021,13833,21851,19992,19812,24145,23971,23484,25158,25149,25092,25580,23219,13587,12920,12254,12727,13611,25411,10800,11788,12381,11554,11415,0,0,0,0,0,0
337,13462,13034,12791,13185,13971,21986,20154,19929,24257,24136,23613,25293,25277,25260,25737,23264,13622,12946,12273,12786,13682,25569,10826,11775,12416,11679,11582,0,0,0,0,0,0
338,13038,12527,12279,12797,13346,22134,20291,20047,24399,24247,23771,25490,25437,25365,25886,23414,13677,13028,12305,12794,13698,25624,10899,11874,12493,11651,11417,0,0,0,0,0,0
339,13136,12580,12315,12832,13385,22306,20354,20131,24655,24407,23903,25558,25556,25566,26061,23374,13696,13046,12388,12845,13747,25800,10912,11894,12489,11655,11540,0,0,0,0,0,0
340,13598,13173,12892,13191,13969,22211,20486,20269,24720,24519,24061,25678,25711,25633,26169,23682,13768,13102,12418,12899,13812,25841,10982,11920,12536,11715,11503,0,0,0,0,0,0
341,13611,13189,12927,13272,14018,22388,20532,20356,24811,24640,24145,25801,25819,25841,26387,23581,13786,13172,12447,12945,13839,26038,10994,11964,12609,11716,11567,0,0,0,0,0,0
342,13285,12697,12442,12987,13491,22608,20660,20423,25020,24814,24340,25974,25976,25923,26448,23745,13854,13209,12502,12987,13911,26046,11040,12179,12623,11816,11620,0,0,0,0,0,0
343,13307,12747,12496,13036,13560,22709,20795,20592,25069,24915,24439,26109,26134,26128,26666,23750,13945,13253,12596,13049,13950,26134,11094,12044,12685,12006,11707,0,0,0,0,0,0
344,13727,13309,13025,13406,14275,22852,20941,20695,25208,25045,24613,26268,26271,26180,26751,24004,13959,13315,12608,13143,14034,26224,11126,12083,12719,11910,11753,0,0,0,0,0,0
345,13932,13488,13237,13643,14468,22839,21023,20846,25362,25277,24713,26383,26388,26368,26936,23954,14002,13358,12648,13143,14045,26264,11165,12117,12786,11981,11733,0,0,0,0,0,0
346,13463,12960,12712,13366,13793,23062,21154,20869,25517,25380,24858,26597,26529,26515,27008,24136,14092,13402,12707,13208,14109,26301,11215,12230,12810,11928,11748,0,0,0,0,0,0
347,13413,12997,12755,13297,13820,23204,21011,20985,25634,25612,24981,26693,26693,26610,27167,24100,14155,13470,12762,13275,14173,26496,11258,12196,12848,12083,12010,0,0,0,0,0,0
348,13997,13569,13364,13746,14490,23217,21347,21103,25768,25614,25110,26841,26823,26789,27292,24259,14197,13516,12801,13290,14238,26474,11276,12253,12897,11989,11857,0,0,0,0,0,0
349,14050,13622,13471,13788,14564,23450,21310,21256,25974,25748,25261,26982,26974,26919,27470,24312,14260,13573,12848,13367,14275,26639,11385,12290,12978,12018,11935,0,0,0,0,0,0
350,13709,13132,12891,13432,13899,23544,21554,21379,26051,25900,25406,27114,27093,27055,27590,24478,14372,13641,12899,13414,14328,26682,11371,12332,13019,12196,11919,0,0,0,0,0,0
351,13717,13177,12941,13438,14011,23578,21692,21474,26182,26169,25614,27270,27291,27197,27725,24497,14377,13698,12943,13478,14399,26807,11403,12525,13029,12239,11969,0,0,0,0,0,0
352,14186,13766,13503,13931,14743,23883,21893,21640,26334,26292,25694,27398,27400,27348,27885,24596,14403,13761,13004,13515,14424,26888,11449,12422,13086,12352,12035,0,0,0,0,0,0
353,14353,13928,13694,14216,14943,23923,21987,21709,26477,26318,25792,27554,27532,27500,28025,24713,14470,13783,13037,13544,14479,27045,11494,12437,13089,12180,12118,0,0,0,0,0,0
354,13981,13397,13189,13766,14283,23998,22043,21816,26628,26456,25958,27703,27740,27638,28136,24751,14504,13839,13075,13591,14555,27052,11552,12494,13143,12326,12177,0,0,0,0,0,0
355,13987,13457,13177,13798,14274,24186,22240,21889,26795,26627,26096,27821,27828,27748,28387,24771,14626,13896,13154,13707,14570,27147,11575,12557,13194,12345,12154,0,0,0,0,0,0
356,14516,14028,13826,14316,14946,24273,22300,22079,26905,26727,26212,27994,27965,27916,28441,24901,14597,13951,13174,13694,14620,27274,11601,12587,13255,12354,12163,0,0,0,0,0,0
357,14562,14077,13863,14326,14959,24339,22433,22179,27038,26870,26373,28140,28177,28073,28593,24908,14651,14029,13210,13828,14679,27320,11655,12601,13368,12419,12280,0,0,0,0,0,0
358,14204,13597,13321,13904,14417,24557,22555,22325,27223,27099,26525,28262,28282,28226,28824,25106,14709,14039,13267,13811,14734,27407,11688,12675,13317,12640,12256,0,0,0,0,0,0
359,14194,13636,13340,13984,14439,24668,22683,22387,27456,27218,26654,28417,28418,28348,28898,25119,14775,14064,13333,13847,14779,27499,11738,12716,13367,12538,12284,0,0,0,0,0,0
360,14670,14203,13966,14440,15226,24787,22805,22510,27536,27349,26814,28548,28535,28488,29025,25396,14808,14136,13385,13910,14842,27599,11758,12748,13402,12490,12384,0,0,0,0,0,0
361,14867,14472,14250,14625,15732,24931,22835,22673,27646,27491,26949,28713,28694,28627,29227,25294,14917,14197,13444,13927,14878,27681,11814,12787,13437,12549,12528,0,0,0,0,0,0
362,14358,13848,13603,14190,15038,25026,23101,22831,27819,27749,27081,28806,28817,28802,29322,25450,14942,14224,13481,14115,14928,27814,11853,12820,13521,12671,12403,0,0,0,0,0,0
363,14412,13891,13644,14248,15070,25084,23146,22848,27905,27752,27229,28995,28999,28939,29482,25490,15031,14281,13510,14039,14989,27921,11879,12872,13519,12625,12461,0,0,0,0,0,0
364,15002,14465,14293,14704,15766,25322,23289,23024,28128,27900,27349,29196,29155,29096,29638,25712,15029,14332,13564,14113,15039,27915,11944,12938,13571,12748,12488,0,0,0,0,0,0
365,15003,14512,14352,14773,15869,25431,23327,23088,28205,28290,27512,29272,29299,29208,29777,25708,15081,14385,13613,14158,15158,28092,12043,12924,13612,12664,12600,0,0,0,0,0,0
366,14629,14023,13777,14355,15163,25506,23436,23305,28497,28281,27649,29481,29437,29368,30008,25844,15155,14459,13673,14224,15154,28148,11994,12976,13660,12722,12606,0,0,0,0,0,0
367,14717,14072,13817,14365,15210,25670,23579,23389,28497,28345,27792,29597,29601,29520,30055,25790,15217,14494,13719,14290,15219,28285,12037,13000,13690,12764,12625,0,0,0,0,0,0
368,15155,14642,14422,14919,16002,25761,23727,23403,28653,28490,27910,29730,29728,29681,30228,26005,15301,14560,13787,14360,15265,28286,12078,13056,13755,12876,12700,0,0,0,0,0,0
369,15388,14818,14660,15154,16600,25843,23796,23595,28786,28687,28070,29935,29870,29827,30378,26169,15330,14582,13815,14365,15319,28379,12153,13126,13786,12890,12687,0,0,0,0,0,0
370,14969,14277,14099,14642,15871,26054,24054,23712,28947,28771,28290,30020,30031,29975,30517,26094,15352,14651,13838,14446,15369,28511,12178,13135,13818,12933,12830,0,0,0,0,0,0
371,14955,14347,14124,14674,16002,26149,24156,23912,29103,28935,28376,30176,30187,30134,30675,26140,15485,14686,13934,14478,15480,28527,12201,13189,13910,12906,12780,0,0,0,0,0,0
372,15536,14945,14823,15257,16632,26337,24276,24008,29281,29104,28463,30326,30306,30257,30904,26342,15500,14751,13983,14526,15481,28658,12238,13221,13911,12953,13006,0,0,0,0,0,0
373,15568,14972,14848,15273,16645,26459,24318,24170,29496,29302,28661,30470,30477,30440,30974,26335,15579,14795,14168,14602,15535,28821,12314,13299,13950,13142,12959,0,0,0,0,0,0
374,15191,14460,14252,14864,16077,26578,24424,24260,29616,29408,28808,30636,30636,30579,31140,26521,15619,14858,14114,14685,15593,28901,12319,13312,14012,13047,12949,0,0,0,0,0,0
375,15252,14496,14291,14926,16070,26686,24635,24336,29712,29529,28945,30788,30766,30731,31290,26529,15679,14908,14123,14684,15663,28899,12365,13341,14061,13180,12976,0,0,0,0,0,0
376,15631,15106,14912,15383,16874,26812,24770,24397,29905,29721,29079,30915,30898,30922,31418,26734,15753,14965,14191,14739,15716,28996,12413,13395,14096,13148,12980,0,0,0,0,0,0
377,15959,15376,15132,16051,17369,26945,24805,24567,30038,29994,29216,31060,31075,31058,31588,26689,15769,15014,14228,14795,15754,28972,12446,13403,14141,13279,13010,0,0,0,0,0,0
378,15458,14772,14558,15579,16621,27046,24913,24640,30201,30024,29342,31227,31222,31181,31733,26966,15859,15090,14290,14838,15836,29174,12472,13474,14171,13233,13116,0,0,0,0,0,0
379,15409,14770,14580,15690,16677,27221,25105,24875,30331,30271,29520,31424,31347,31318,31974,26954,15925,15135,14331,14906,15877,29290,12520,13483,14217,13313,13164,0,0,0,0,0,0
380,15996,15462,15268,16222,17393,27296,25218,24935,30661,30491,29665,31563,31509,31469,32032,27081,15974,15205,14397,14942,15935,29349,12569,13546,14290,13411,13154,0,0,0,0,0,0
381,16092,15493,15331,16286,17447,27472,25301,25085,30626,30505,29808,31708,31677,31644,32180,27037,16048,15253,14439,15019,15987,29495,12584,13569,14320,13362,13186,0,0,0,0,0,0
382,15693,14962,14722,15826,16792,27586,25394,25174,30786,30621,29957,31848,31821,31792,32363,27247,16109,15289,14480,15094,16064,29538,12618,13623,14325,13387,13230,0,0,0,0,0,0
383,15734,15019,14773,15831,16882,27672,25457,25327,31155,30869,30107,32002,31974,31932,32604,27303,16160,15347,14539,15128,16128,29627,12663,13668,14381,13550,13273,0,0,0,0,0,0
384,16246,15663,15409,16357,17698,27870,25625,25362,31190,30927,30264,32135,32155,32178,32687,27422,16228,15395,14592,15178,16181,29669,12711,13703,14409,13427,13329,0,0,0,0,0,0
385,16484,15921,15681,17023,17928,27964,25814,25656,31231,31075,30407,32304,32283,32323,32826,27378,16243,15431,14620,15207,16210,29722,12746,13751,14467,13572,13398,0,0,0,0,0,0
386,16062,15274,15048,16480,17166,28069,25912,25658,31436,31399,30572,32446,32465,32417,33009,27578,16289,15480,14650,15249,16250,29886,12799,13774,14522,13602,13406,0,0,0,0,0,0
387,16068,15321,15081,16515,17273,28319,26118,25858,31739,31443,30711,32591,32634,32542,33128,27592,16365,15521,14700,15306,16320,29879,12826,13808,14538,13839,13528,0,0,0,0,0,0
388,16499,15964,15813,17152,17991,28341,26201,25922,31792,31556,30865,32762,32754,32718,33291,27815,16370,15569,14751,15345,16354,30121,12881,13901,14587,13743,13438,0,0,0,0,0,0
389,16630,15995,15933,17149,17983,28500,26335,26148,31981,31807,31017,32947,32923,32862,33470,27699,16428,15618,14779,15394,16413,30225,12937,13907,14622,13769,13492,0,0,0,0,0,0
390,16194,15517,15233,16688,17410,28635,26416,26320,32016,31844,31218,33076,33112,33021,33694,27933,16509,15679,14843,15444,16525,30317,12925,13943,14672,13790,13585,0,0,0,0,0,0
391,16225,15546,15265,16728,17419,28723,26591,26389,32176,32013,31331,33262,33322,33170,33801,27927,16557,15740,14878,15494,16534,30381,12976,13972,14725,13715,13572,0,0,0,0,0,0
392,16747,16185,15933,17329,18271,28872,26714,26479,32331,32204,31555,33451,33414,33335,33925,28054,16584,15769,14928,15535,16565,30473,13012,14023,14770,13748,13759,0,0,0,0,0,0
393,17074,16446,16212,17743,18441,29062,26823,26628,32486,32320,31634,33571,33553,33562,34091,28067,16615,15807,14966,15576,16627,30586,13074,14073,14859,13929,13770,0,0,0,0,0,0
394,16496,15846,15516,17066,17667,29206,26914,26526,32982,32471,31796,33722,33698,33645,34245,28321,16669,15942,15013,15701,16674,30558,13084,14100,14859,13846,13804,0,0,0,0,0,0
395,16570,15823,15556,17055,17722,29226,26994,26813,32925,32753,31926,33873,33865,33800,34410,28239,16719,15900,15071,15692,16726,30656,13108,14136,14888,13856,13710,0,0,0,0,0,0
396,17073,16546,16311,17716,18476,29464,27181,26973,33027,32852,32075,34039,34026,33956,34659,28634,16792,16056,15112,15782,16780,30755,13190,14179,14978,13954,13777,0,0,0,0,0,0
397,17192,16509,16344,17760,18502,29558,27308,27124,33139,33040,32244,34258,34251,34117,34750,28408,16888,15997,15158,15784,16843,30867,13243,14206,14992,14085,13820,0,0,0,0,0,0
398,16656,15932,15708,17332,17857,29724,27487,27258,33325,33153,32385,34348,34336,34372,34895,28547,16869,16066,15283,15838,16880,30965,13228,14257,15037,14049,13832,0,0,0,0,0,0
399,16792,15990,15736,17252,17938,29828,27570,27344,33473,33309,32544,34506,34513,34434,35080,28558,16963,16116,15323,15913,16963,31019,13284,14284,15066,14021,13954,0,0,0,0,0,0
400,17326,16730,16473,17984,18764,29972,27685,27534,33706,33544,32697,34666,34652,34589,35229,28701,17006,16152,15349,15935,17054,31095,13313,14359,15122,14233,14111,0,0,0,0,0,0
401,17666,17027,16709,18202,19041,30113,27806,27563,33789,33708,32862,34898,34881,34761,35358,28667,17079,16191,15327,16000,17032,31155,13335,14359,15175,14129,14102,0,0,0,0,0,0
402,17162,16288,16009,17573,18224,30251,27956,27812,34057,33824,33013,34991,34988,34936,35569,28937,17058,16250,15425,16054,17114,31242,13405,14407,15194,14289,13991,0,0,0,0,0,0
403,17033,16357,16064,17598,18285,30394,28062,27828,34192,34093,33187,35149,35169,35110,35693,28892,17109,16288,15451,16087,17145,31298,13429,14474,15251,14332,14105,0,0,0,0,0,0
404,17597,17058,16862,18202,19082,30562,28289,27987,34356,34136,33341,35313,35320,35266,36025,29002,17176,16363,15498,16148,17211,31367,13527,14485,15277,14375,14231,0,0,0,0,0,0
405,17694,17103,16960,18317,19067,30608,28295,28151,34454,34284,33527,35503,35490,35455,36022,29212,17234,16395,15528,16219,17257,31554,13499,14557,15364,14249,14161,0,0,0,0,0,0
406,17210,16466,16172,17734,18388,30741,28346,28203,34764,34476,33640,35634,35644,35551,36198,29266,17284,16456,15605,16234,17306,31622,13572,14580,15384,14449,14170,0,0,0,0,0,0
407,17278,16496,16242,17781,18582,30939,28659,28410,34844,34607,33792,35810,35791,35733,36428,29239,17355,16538,15642,16323,17373,31628,13629,14601,15388,14379,14321,0,0,0,0,0,0
408,18007,17357,16996,18555,19363,30969,28696,28564,34914,34738,33979,35979,35942,35911,36526,29481,17404,16565,15696,16347,17424,31887,13616,14693,15462,14530,14280,0,0,0,0,0,0
409,18143,17657,17285,18708,19498,31183,28896,28744,35132,35090,34121,36153,36191,36092,36691,29545,17486,16620,15739,16392,17501,31850,13655,14706,15671,14511,14278,0,0,0,0,0,0
410,17335,16823,16544,18087,18709,31364,28991,28816,35280,35127,34341,36379,36294,36231,36881,29484,17530,16659,15824,16453,17535,31857,13710,14752,15562,14566,14315,0,0,0,0,0,0
411,17501,16857,16564,18094,18742,31479,29054,28876,35544,35244,34427,36501,36463,36397,37008,29597,17594,16725,15875,16522,17669,32028,13765,14761,15598,14650,14479,0,0,0,0,0,0
412,18233,17642,17403,18742,19584,31627,29261,29047,35593,35537,34596,36668,36608,36577,37275,29755,17629,16865,15896,16548,17738,32173,13812,14837,15611,14525,14439,0,0,0,0,0,0
413,18334,17694,17443,18929,19503,31789,29353,29191,35803,35646,34789,36808,36788,36706,37353,29869,17701,16829,15936,16693,17717,32302,13822,14853,15688,14590,14581,0,0,0,0,0,0
414,17785,16996,16696,18309,18871,31916,29475,29369,36000,35794,34940,36970,36965,36902,37523,29980,17759,16970,15997,16687,17777,32269,14041,14890,15763,14670,14555,0,0,0,0,0,0
415,17869,17040,16788,18301,18946,32051,29663,29404,36106,35975,35086,37112,37097,37090,37689,30073,17830,16935,16043,16749,17841,32403,13895,14959,15750,14776,14554,0,0,0,0,0,0
416,18425,17964,17599,19014,19777,32090,29758,29582,36279,36200,35323,37334,37288,37247,37868,30143,17849,17024,16088,16778,17946,32421,13922,14973,15784,14883,14682,0,0,0,0,0,0
417,18705,18227,17817,19217,20075,32345,29918,29734,36453,36338,35417,37472,37445,37415,38040,30234,17916,17029,16140,16841,17934,32542,13967,15010,15873,14789,14729,0,0,0,0,0,0
418,17700,17390,17052,18634,19230,32404,30046,29904,36758,36525,35577,37637,37626,37592,38211,30390,17961,17124,16136,16875,18020,32669,14001,15091,15957,14857,14705,0,0,0,0,0,0
419,18168,17449,17074,18644,19279,32556,29969,30011,36820,36725,35745,37802,37809,37763,38364,30497,18025,17126,16222,16934,18121,32858,14046,15090,15948,14814,14682,0,0,0,0,0,0
420,18599,18217,17964,19380,20071,32708,30260,30082,37240,36788,35904,37967,37961,37932,38532,30447,18045,17234,16290,17022,18114,32879,14127,15237,15985,14869,14954,0,0,0,0,0,0
421,18677,18264,18000,19456,20123,32899,30437,30293,37231,37091,36068,38153,38122,38109,38681,30467,18137,17232,16316,17039,18165,32975,14122,15188,16030,15193,14753,0,0,0,0,0,0
422,18350,17563,17203,18873,19513,33033,30594,30473,37649,37156,36215,38326,38287,38224,38881,30650,18157,17284,16379,17108,18209,32950,14195,15257,16068,14945,14803,0,0,0,0,0,0
423,18480,17597,17234,18868,19494,33145,30594,30540,37576,37355,36385,38465,38477,38385,39139,30706,18249,17346,16466,17159,18270,33111,14236,15292,16134,14956,14854,0,0,0,0,0,0
424,18850,18511,18109,19546,20416,33317,30765,30432,37669,37605,36556,38657,38710,38633,39227,30894,18278,17407,16523,17181,18328,33179,14246,15323,16165,15010,15026,0,0,0,0,0,0
425,19164,18796,18427,19794,20722,33468,30909,30798,37829,37752,36712,38808,38812,38735,39389,30768,18328,17450,16551,17263,18453,33288,14299,15349,16205,15055,15098,0,0,0,0,0,0
426,18671,17981,17587,19188,19868,33584,31039,30898,38028,37904,36899,38979,39010,38897,39589,31088,18397,17504,16606,17349,18440,33405,14296,15422,16214,15359,15286,0,0,0,0,0,0
427,18775,18007,17621,19160,19994,33694,31270,30840,38156,38161,37037,39225,39152,39085,39750,31072,18433,17568,16643,17357,18508,33419,14384,15437,16296,15298,15003,0,0,0,0,0,0
428,19132,18728,18514,19863,20748,33873,31305,31231,38432,38218,37228,39329,39317,39242,39934,31206,18517,17620,16705,17427,18557,33581,14386,15452,16503,15277,15022,0,0,0,0,0,0
429,19289,18782,18549,19979,20768,34048,31447,31280,38551,38377,37397,39473,39490,39433,40100,31260,18614,17703,16833,17547,18629,33563,14405,15719,16376,15379,15107,0,0,0,0,0,0
430,18862,18142,17767,19336,20160,34166,31601,31515,38824,38570,37571,39751,39670,39589,40264,31405,18626,17733,16809,17525,18705,33724,14498,15531,16442,15308,15084,0,0,0,0,0,0
431,18764,18184,17840,19356,20085,34351,31802,31612,38907,38862,37745,39829,39820,39766,40441,31507,18704,17827,16859,17675,18744,33826,14529,15584,16695,15351,15154,0,0,0,0,0,0
432,19391,19123,18673,20127,21047,34429,31815,31742,39060,38908,37889,39978,39999,39970,40589,31625,18757,17879,16978,17662,18794,33815,14513,15607,16482,15373,15170,0,0,0,0,0,0
433,19761,19367,18914,20443,21275,34600,32023,31883,39368,39101,38045,40204,40260,40180,40845,31618,18782,17906,16959,17706,18850,33975,14588,15633,16522,15376,15220,0,0,0,0,0,0
434,19011,18516,18119,19679,20380,34683,32295,31834,39403,39428,38240,40380,40371,40263,40956,31763,18884,17979,16982,17762,18924,34058,14684,15700,16575,15534,15416,0,0,0,0,0,0
435,19193,18580,18219,19745,20406,34876,32291,32153,39660,39420,38378,40519,40529,40434,41160,31875,18939,18009,17057,17818,18970,34189,14630,15747,16651,15597,15306,0,0,0,0,0,0
436,19861,19374,19059,20559,21263,34983,32357,32243,39751,39676,38567,40703,40715,40639,41301,32066,18962,18105,17191,17878,19027,34211,14688,15778,16654,15496,15314,0,0,0,0,0,0
437,20070,19434,19110,20567,21312,35154,32470,32463,40121,39836,38728,40898,40953,40814,41583,32069,19035,18129,17168,17934,19118,34409,14707,15810,16729,15695,15440,0,0,0,0,0,0
438,19431,18771,18269,19943,20568,35353,32688,32618,40272,40083,38940,41120,41065,40965,41644,32242,19109,18182,17234,18000,19148,34405,14754,15857,16762,15573,15462,0,0,0,0,0,0
439,19321,18714,18312,19939,20608,35498,32858,32683,40309,40288,39052,41242,41204,41149,41809,32309,19177,18324,17285,18055,19227,34424,14791,15900,16843,15582,15460,0,0,0,0,0,0
440,19980,19700,19256,20736,21602,35528,32924,32773,40524,40376,39230,41406,41408,41322,42004,32393,19239,18312,17355,18122,19267,34764,14815,15973,16963,15669,15495,0,0,0,0,0,0
441,20464,19961,19460,21166,21864,35747,33033,32977,40750,40553,39412,41590,41581,41473,42189,32390,19300,18369,17432,18170,19355,34652,14904,15981,16898,15853,15539,0,0,0,0,0,0
442,19645,19064,18650,20286,20969,35920,33268,33003,41024,40808,39650,41763,41771,41707,42382,32570,19344,18439,17469,18224,19406,34781,15172,16015,16963,16123,15647,0,0,0,0,0,0
443,19901,19099,18697,20289,21007,35903,33461,33247,41089,41125,39792,41963,42003,41862,42609,32487,19553,18505,17507,18290,19462,34890,14919,16072,16956,15749,15688,0,0,0,0,0,0
444,20292,19942,19556,21121,21882,36168,33473,33413,41219,41078,39943,42160,42180,42105,42708,32811,19502,18538,17576,18307,19523,35013,14978,16086,17045,15779,15756,0,0,0,0,0,0
445,20436,20025,19636,21149,21884,36273,33652,33574,41400,41341,40118,42361,42314,42249,42922,32720,19553,18604,17630,18396,19573,35010,15062,16130,17077,15843,15808,0,0,0,0,0,0
446,19904,19247,18817,20355,21154,36516,33829,33716,41591,41464,40284,42475,42462,42374,43109,32957,19650,18661,17679,18486,19637,35069,15236,16228,17143,15923,15758,0,0,0,0,0,0
447,19688,19304,18861,20432,21145,36645,34025,33649,41739,41795,40443,42675,42653,42564,43240,32933,19695,18744,17738,18505,19709,35172,15107,16233,17147,16085,15903,0,0,0,0,0,0
448,20619,20278,19757,21364,22236,36723,33946,33953,41978,42003,40624,42817,42801,42759,43451,33117,19735,18798,17796,18566,19788,35348,15149,16458,17196,15952,15933,0,0,0,0,0,0
449,20797,20532,20022,21696,22406,36846,34205,34167,42184,42044,40787,42996,42999,42913,43634,33146,19788,18887,17812,18601,19825,35403,15170,16340,17282,15983,15943,0,0,0,0,0,0
450,20445,19650,19175,20700,21500,37102,34306,34151,42391,42262,40945,43180,43169,43112,43791,33275,19851,18940,17838,18653,19900,35528,15209,16342,17269,16131,15938,0,0,0,0,0,0
451,20549,19707,19235,20770,21563,37285,34446,34460,42598,42471,41146,43348,43362,43272,43995,33195,19897,18984,17923,18695,19928,35570,15225,16401,17367,16252,16053,0,0,0,0,0,0
452,20911,20529,20102,21773,22428,37397,34691,34536,42777,42621,41341,43531,43564,43518,44166,33420,19915,19042,18001,18760,20005,35641,15284,16459,17383,16205,15944,0,0,0,0,0,0
453,20823,20586,20167,21991,22458,37546,34696,34429,42914,42838,41497,43696,43734,43649,44321,33488,19996,19016,18009,18821,20055,35852,15313,16660,17425,16155,16115,0,0,0,0,0,0
454,20272,19831,19393,20926,21677,37648,34604,34748,43116,43113,41669,43907,43931,43833,44498,33689,20045,19094,18075,18872,20097,35788,15365,16509,17470,16220,16058,0,0,0,0,0,0
455,20482,19882,19426,20952,21754,37838,35104,34842,43315,43151,41831,44064,44064,44005,44707,33640,20110,19143,18114,18944,20163,35971,15385,16614,17494,16286,16280,0,0,0,0,0,0
456,21325,20872,20310,21889,22779,37894,35187,35050,43476,43333,42020,44338,44269,44187,44868,33764,20163,19195,18182,18978,20219,36075,15618,16600,17549,16478,16191,0,0,0,0,0,0
457,21563,21143,20527,22412,23076,38136,35318,35164,43635,43588,42208,44519,44450,44441,45060,33827,20258,19232,18218,19021,20279,36126,15527,16647,17604,16492,16139,0,0,0,0,0,0
458,20964,20198,19716,21354,22048,38305,35357,35403,43915,43685,42373,44642,44699,44561,45231,33971,20252,19287,18287,19071,20368,36239,15517,16669,17620,16504,16212,0,0,0,0,0,0
459,20633,20257,19743,21373,22070,38425,35596,35480,44107,43969,42578,44780,44908,44732,45513,33945,20353,19343,18328,19169,20393,36371,15579,16719,17664,16653,16323,0,0,0,0,0,0
460,21305,20993,20609,22384,23129,38639,35731,35607,44439,44592,42797,44985,44978,44878,45651,34168,20394,19402,18400,19202,20452,36416,15589,16741,17697,16486,16256,0,0,0,0,0,0
461,21674,21043,20730,22671,23073,38727,35893,35759,44430,44387,42901,45189,45137,45100,45783,34140,20547,19456,18434,19301,20516,36505,15612,16811,17789,16660,16285,0,0,0,0,0,0
462,21258,20395,19853,21565,22273,38870,35701,35654,44632,44407,43123,45370,45363,45243,45980,34309,20521,19582,18512,19304,20563,36638,15662,16844,17836,16697,16323,0,0,0,0,0,0
463,20653,20394,19908,21630,22311,39045,36255,36120,44787,44780,43257,45547,45540,45449,46197,34331,20570,19570,18537,19352,20639,36641,15704,16940,17854,16521,16374,0,0,0,0,0,0
464,21789,21461,20840,22702,23449,39226,36310,36261,44955,44910,43441,45800,45720,45686,46334,34481,20611,19635,18607,19407,20702,36719,15799,16930,17907,16608,16470,0,0,0,0,0,0
465,22043,21766,21148,23065,23663,39299,36479,36419,45239,45251,43654,45904,46001,45867,46633,34604,20693,19700,18710,19483,20757,36879,15776,16973,17917,16653,16457,0,0,0,0,0,0
466,21554,20804,20363,21850,22659,39587,36617,36421,45471,45132,43820,46099,46063,46015,46789,34794,20727,19801,18646,19530,20813,36901,15809,16985,18031,16702,16663,0,0,0,0,0,0
467,20984,20823,20322,21931,22704,39627,36681,36655,45786,45527,43980,46259,46272,46197,46915,34717,20812,19788,18785,19563,20891,37004,15854,17239,18027,16777,16510,0,0,0,0,0,0
468,22130,21885,21307,23333,23570,39758,36846,36855,45926,45711,44166,46587,46437,46578,47156,34901,20881,19919,18854,19720,21029,37148,15933,17143,18083,16891,16737,0,0,0,0,0,0
469,22191,21804,21291,23149,23747,40011,37052,36747,46346,46039,44438,46713,46812,46652,47406,34829,20935,19989,18875,19755,21003,37105,15979,17137,18176,17028,16763,0,0,0,0,0,0
470,21652,21065,20473,22239,22906,40136,36719,36923,46472,46190,44592,46944,46929,46845,47628,35256,21131,20031,18919,19797,21217,37359,16026,17154,18209,17001,16765,0,0,0,0,0,0
471,21741,21090,20545,22212,22963,40220,37320,37242,46494,46313,44841,47151,47097,47165,47729,35184,21190,20193,19052,19884,21180,37491,16060,17253,18262,17028,16830,0,0,0,0,0,0
472,22164,22150,21478,23286,24050,40529,37438,37506,46646,46583,45020,47280,47351,47177,47957,35370,21201,20161,19137,19932,21236,37520,16100,17278,18296,17199,16792,0,0,0,0,0,0
473,22824,22373,21868,23779,24462,40674,37615,37556,46844,46809,45205,47526,47468,47396,48162,35409,21233,20270,19149,20029,21336,37587,16299,17316,18352,16963,16882,0,0,0,0,0,0
474,21658,21372,20845,22579,23347,40701,37890,37656,47181,46963,45390,47726,47674,47686,48361,35558,21324,20344,19210,19998,21369,37741,16180,17324,18374,17144,17138,0,0,0,0,0,0
475,22252,21405,20916,22559,23395,40810,37951,37886,47295,47111,45641,47899,47973,47781,48521,35465,21360,20278,19286,20083,21410,37751,16216,17424,18424,17275,16913,0,0,0,0,0,0
476,22695,22263,21881,23868,24385,41185,38154,38036,47472,47392,45740,48014,48021,47956,48701,35837,21462,20439,19318,20135,21495,37860,16244,17574,18485,17073,16990,0,0,0,0,0,0
477,22824,22287,21863,23897,24544,41264,38000,37898,47730,47535,45886,48250,48245,48157,48881,35704,21485,20434,19316,20272,21586,37980,16270,17523,18553,17137,17093,0,0,0,0,0,0
478,22290,21485,20967,22657,23501,41208,38363,38226,47765,47707,46025,48372,48353,48244,49023,35909,21591,20478,19375,20216,21607,37954,16247,17479,18683,17132,17136,0,0,0,0,0,0
479,21892,21545,21023,22677,23546,41413,38529,38453,48101,47801,46169,48587,48535,48544,49245,35845,21593,20539,19435,20293,21635,38082,16323,17522,18583,17319,17242,0,0,0,0,0,0
480,22805,22662,22109,23881,24733,41712,38670,38621,48277,48088,46426,48732,48715,48672,49485,36005,21656,20585,19479,20353,21706,38126,16341,17595,18612,17340,17042,0,0,0,0,0,0
481,22993,23004,22292,24175,24967,41819,38850,38664,48387,48295,46540,48928,48906,48918,49588,35864,21713,20691,19525,20385,21765,38262,16398,17680,18735,17237,17087,0,0,0,0,0,0
482,22527,22002,21326,23104,23801,41794,39009,38892,48718,48487,46849,49211,49108,49103,49800,36184,21786,20759,19521,20526,21957,38393,16443,17693,18738,17507,17175,0,0,0,0,0,0
483,22132,22146,21362,23185,23920,42217,39109,39025,49273,48788,46993,49429,49449,49344,50012,36152,21887,20789,19710,20484,21944,38558,16449,17798,18792,17407,17250,0,0,0,0,0,0
484,23316,23171,22435,24442,25002,42267,39299,39059,49177,49084,47249,49526,49617,49439,50213,36469,21975,20874,19725,20628,22062,38640,16546,17777,18841,17542,17321,0,0,0,0,0,0
485,23511,23271,22477,24620,25136,42289,39229,39397,49264,49201,47349,49890,49686,49752,50507,36474,21960,20913,19780,20622,22040,38761,16526,17851,18862,17573,17855,0,0,0,0,0,0
486,22818,22252,21483,23314,24080,42688,39604,39387,49614,49307,47650,49953,49946,49891,50713,36605,22007,21029,19832,20726,22115,38728,16653,17887,19107,17450,17434,0,0,0,0,0,0
487,22819,22275,21509,23399,24108,42741,39730,39634,49690,49596,47706,50286,50196,50068,50809,36701,22140,21020,19884,20805,22171,38869,16714,17876,19014,17691,17457,0,0,0,0,0,0
488,23524,23541,22643,24686,25291,43071,39861,39755,49930,49811,48030,50338,50356,50339,51115,36926,22156,21228,19928,20858,22239,38985,16671,17957,19016,17719,17433,0,0,0,0,0,0
489,23749,23591,23059,25142,25642,43082,39973,39812,50322,49922,48163,50583,50612,50495,51192,36806,22248,21137,20015,20883,22370,39007,16738,17986,19023,17712,17521,0,0,0,0,0,0
490,22541,22529,21884,23717,24458,43063,40345,40190,50385,50280,48380,50663,50814,50693,51371,37099,22325,21210,20024,20960,22412,39139,16798,18026,19120,17614,17535,0,0,0,0,0,0
491,23182,22534,21936,23826,24529,43490,40380,40167,50568,50528,48650,50916,50883,50876,51622,37095,22357,21257,20072,21014,22442,39188,16819,18050,19312,17912,17572,0,0,0,0,0,0
492,23914,23610,23066,25028,25689,43642,40438,40371,50569,50712,48772,51045,51105,51072,51836,37208,22483,21266,20171,21075,22411,39299,16837,18090,19178,17894,17653,0,0,0,0,0,0
493,23962,23582,23130,25160,25701,43780,40741,40347,50913,50888,48834,51363,51427,51214,51961,37189,22496,21321,20241,21069,22480,39305,16901,18222,19148,17815,17639,0,0,0,0,0,0
494,23076,22666,22161,23831,24581,43977,40780,40750,51114,51144,49160,51544,51522,51415,52259,37406,22614,21464,20309,21156,22614,39474,16943,18195,19422,17975,17740,0,0,0,0,0,0
495,23329,22752,22186,23960,24788,44068,40889,40796,51365,51107,49270,51634,51729,51694,52468,37404,22605,21552,20419,21265,22703,39684,16997,18259,19320,18110,17657,0,0,0,0,0,0
496,24202,23958,23375,25432,26045,44420,40946,41077,51611,51500,49376,51916,51817,51823,52642,37617,22757,21611,20354,21248,22700,39609,17002,18273,19338,17894,17771,0,0,0,0,0,0
497,24490,24853,23553,25721,26349,44448,41126,41098,51692,51562,49589,52056,52010,51910,52807,37715,22712,21643,20393,21303,22778,39683,16998,18279,19360,18034,17881,0,0,0,0,0,0
498,23681,23295,22488,24339,25138,44585,41404,41191,52113,51906,49782,52285,52341,52234,52922,37682,22757,21654,20462,21408,22842,39860,17056,18360,19441,18161,17789,0,0,0,0,0,0
499,23547,23463,22511,24478,25217,44839,41589,41190,52092,52328,50043,52543,52548,52379,53171,37817,22874,21747,20651,21480,22877,39990,17173,18415,19504,18093,17922,0,0,0,0,0,0
500,24546,24760,23756,25886,26387,44854,41799,41654,52486,52489,50285,52693,52706,52642,53382,37878,22995,21777,20642,21559,22949,39968,17176,18406,19513,18087,17949,0,0,0,0,0,0
