n,Baseline (copy+sort),Find SIMD (O2),Find SIMD (O3),Insert Cache (O2),Insert Cache (O3),Heap Cache (O2),Heap Cache (O3),Tournament Tree (O2),Tournament Tree (O3)
3,45,34,34,16,17,23,22,16,16
4,84,48,47,24,25,30,29,29,29
5,83,56,56,32,33,39,38,43,43
6,122,69,69,40,42,53,52,51,51
7,123,82,82,49,52,69,68,70,71
8,163,96,96,58,66,79,78,82,82
9,183,107,107,68,76,90,89,104,104
10,204,119,119,78,87,106,104,119,119
11,210,133,133,88,95,125,123,134,134
12,268,146,146,99,109,140,138,141,140
13,257,155,156,109,134,159,156,171,171
14,300,167,167,121,153,181,178,185,185
15,304,181,181,133,143,204,201,201,201
16,366,194,195,145,154,216,213,214,214
17,366,215,216,157,178,228,225,240,240
18,399,227,228,168,196,245,243,265,264
19,410,241,242,181,252,264,262,290,290
20,446,255,256,195,265,281,279,310,309
21,462,264,265,209,284,300,298,334,334
22,502,276,277,224,301,324,321,349,347
23,503,290,291,238,321,348,344,361,360
24,560,304,304,253,340,365,362,371,370
25,558,324,325,269,358,383,381,404,403
26,610,336,336,285,378,409,406,426,427
27,627,349,350,301,396,434,431,444,444
28,667,363,363,317,408,458,454,458,458
29,675,372,373,334,428,483,477,477,478
30,711,384,384,352,446,513,505,492,492
31,714,397,398,369,467,542,532,510,510
32,775,411,412,388,485,555,547,527,527
33,784,436,436,407,503,567,561,555,557
34,861,447,447,424,523,588,580,585,585
35,832,461,461,445,542,607,601,616,616
36,884,476,476,466,553,624,621,644,645
37,912,486,486,486,572,643,641,673,674
38,947,497,497,506,590,671,666,702,701
39,943,512,512,527,612,695,689,728,728
40,1030,526,526,547,637,714,720,752,751
41,1013,549,549,569,666,734,726,782,782
42,1054,560,561,590,670,762,751,809,809
43,1062,575,574,612,671,790,778,833,834
44,1104,588,591,634,692,815,804,853,853
45,1118,599,599,658,713,842,828,876,877
46,1195,611,610,682,733,875,860,896,899
47,1159,625,628,705,789,904,884,918,917
48,1220,640,639,729,762,921,905,936,935
49,1221,671,671,754,783,942,924,964,965
50,1280,682,682,778,805,969,951,993,988
51,1272,697,697,803,828,994,978,1019,1013
52,1346,712,710,829,849,1018,1003,1038,1036
53,1358,722,721,856,870,1045,1029,1062,1057
54,1401,733,732,884,892,1079,1062,1082,1076
55,1386,747,746,911,913,1110,1093,1103,1096
56,1451,762,760,938,925,1135,1118,1125,1117
57,1456,813,812,968,947,1159,1141,1148,1140
58,1519,824,824,993,965,1191,1172,1167,1158
59,1509,840,838,1022,990,1223,1203,1187,1177
60,1576,854,853,1056,1002,1253,1233,1207,1196
61,1583,864,864,1087,1022,1283,1263,1226,1217
62,1637,877,875,1117,1044,1317,1297,1249,1237
63,1610,891,891,1148,1065,1349,1329,1268,1261
64,1689,907,905,1178,1086,1365,1348,1292,1288
65,1692,947,945,1209,1104,1381,1364,1321,1314
66,1778,958,957,1240,1130,1403,1387,1357,1347
67,1740,972,971,1272,1170,1427,1408,1396,1386
68,1829,986,985,1304,1160,1448,1430,1433,1425
69,1786,998,996,1337,1181,1469,1451,1472,1464
70,1876,1010,1009,1371,1200,1495,1476,1508,1502
71,1887,1026,1023,1404,1224,1519,1502,1543,1539
72,1959,1041,1038,1438,1246,1539,1522,1580,1575
73,1917,1065,1064,1473,1268,1559,1542,1614,1624
74,1995,1075,1075,1507,1291,1585,1571,1648,1655
75,1963,1091,1090,1543,1313,1610,1595,1684,1694
76,2067,1104,1106,1577,1337,1635,1621,1716,1721
77,2039,1115,1115,1613,1360,1660,1646,1748,1756
78,2135,1128,1126,1649,1376,1695,1676,1781,1790
79,2100,1142,1142,1686,1401,1723,1704,1811,1815
80,2184,1157,1156,1726,1785,1743,1726,1837,1842
81,2149,1209,1208,1764,1815,1761,1745,1868,1876
82,2253,1220,1221,1799,1463,1789,1774,1901,1899
83,2218,1237,1237,1838,1484,1817,1800,1925,1929
84,2290,1251,1250,1877,1503,1844,1827,1956,1954
85,2298,1263,1261,1915,1524,1872,1853,1981,1977
86,2380,1276,1274,1954,1551,1905,1887,2005,2011
87,2365,1289,1290,1994,1575,1940,1918,2029,2029
88,2398,1304,1303,2035,1584,1964,1944,2052,2051
89,2426,1399,1395,2075,1608,1993,1967,2076,2077
90,2463,1408,1407,2117,1632,2026,2003,2102,2105
91,2449,1423,1423,2158,1652,2062,2031,2127,2128
92,2534,1440,1440,2203,1665,2091,2066,2151,2158
93,2537,1466,1453,2246,1695,2121,2094,2195,2192
94,2633,1509,1507,2290,1726,2163,2133,2228,2231
95,2608,1524,1523,2333,1751,2197,2163,2251,2261
96,2677,1540,1539,2378,1772,2220,2187,2275,2279
97,2664,1597,1597,2421,1796,2243,2205,2307,2316
98,2760,1610,1611,2465,1822,2272,2237,2337,2344
99,2714,1628,1627,2510,1844,2301,2260,2365,2360
100,2837,1643,1642,2555,1867,2327,2288,2393,2394
101,2763,1655,1656,2603,1892,2356,2317,2422,2414
102,2877,1671,1669,2651,1947,2387,2347,2445,2445
103,2816,1686,1686,2690,1931,2420,2380,2471,2478
104,2932,1703,1703,2739,1959,2446,2408,2495,2491
105,2912,1720,1721,2787,1983,2475,2436,2524,2519
106,3008,1735,1734,2835,2003,2507,2472,2548,2541
107,2950,1750,1750,2883,2037,2542,2504,2573,2570
108,3059,1766,1766,2932,2063,2575,2539,2598,2590
109,2984,1781,1778,2981,2088,2607,2569,2624,2622
110,3151,1794,1793,3029,2122,2648,2605,2650,2637
111,3065,1812,1811,3077,2162,2684,2637,2666,2665
112,3191,1827,1827,3124,2208,2712,2665,2694,2689
113,3207,1892,1894,3172,2235,2737,2689,2719,2709
114,3252,1904,1906,3227,2256,2769,2721,2745,2743
115,3210,1922,1923,3285,2418,2806,2753,2768,2758
116,3316,1939,1940,3330,2288,2837,2789,2791,2780
117,3278,1950,1953,3382,2317,2870,2820,2817,2812
118,3401,1966,1968,3434,2314,2911,2855,2840,2829
119,3306,1984,1984,3488,2340,2949,2894,2864,2860
120,3432,2000,2001,3540,2373,2981,2930,2887,2882
121,3409,2126,2127,3594,2396,3010,2958,2913,2911
122,3499,2140,2143,3646,2406,3050,2999,2940,2926
123,3464,2160,2161,3701,2413,3089,3032,2961,2954
124,3574,2175,2180,3756,2421,3123,3068,2982,2990
125,3555,2190,2191,3812,2448,3159,3099,3015,3010
126,3616,2207,2207,3867,2584,3204,3137,3037,3035
127,3581,2225,2228,3924,2618,3238,3173,3057,3057
128,3704,2244,2244,3983,2609,3261,3194,3086,3080
129,3669,2325,2319,4040,2638,3282,3215,3127,3116
130,3738,2340,2335,4095,2670,3306,3249,3163,3154
131,3694,2359,2353,4163,2886,3333,3269,3202,3191
132,3845,2380,2372,4224,2914,3356,3298,3241,3229
133,3785,2394,2388,4282,2953,3381,3323,3284,3275
134,3882,2409,2404,4343,2990,3408,3350,3323,3307
135,3862,2430,2422,4390,2874,3438,3379,3362,3356
136,3972,2450,2442,4449,2910,3456,3407,3399,3381
137,3918,2461,2462,4512,2948,3482,3431,3441,3422
138,4036,2478,2477,4571,2984,3506,3463,3484,3471
139,3964,2494,2495,4638,3001,3536,3491,3523,3508
140,4107,2513,2516,4700,3034,3563,3519,3559,3550
141,4056,2528,2531,4764,3068,3592,3548,3600,3585
142,4128,2544,2545,4826,3101,3625,3577,3639,3621
143,4057,2563,2563,4889,3132,3656,3608,3673,3653
144,4195,2581,2582,4951,3163,3675,3636,3716,3693
145,4167,2661,2662,5015,3200,3700,3656,3755,3732
146,4292,2680,2676,5078,3236,3725,3684,3793,3769
147,4245,2694,2693,5141,3271,3756,3714,3835,3809
148,4359,2712,2715,5206,3307,3785,3742,3869,3846
149,4259,2730,2729,5269,3342,3814,3769,3905,3881
150,4426,2748,2746,5333,3376,3846,3804,3944,3916
151,4389,2768,2767,5391,3405,3883,3834,3981,3952
152,4434,2788,2784,5453,3436,3910,3866,4011,3990
153,4383,2949,2948,5522,3473,3941,3890,4050,4025
154,4558,2967,2965,5586,3507,3973,3928,4083,4060
155,4485,2989,2985,5655,3551,4011,3961,4129,4090
156,4659,3011,3007,5724,3581,4046,3995,4160,4123
157,4574,3027,3028,5790,3619,4075,4028,4192,4161
158,4682,3044,3044,5857,3653,4115,4066,4224,4197
159,4599,3065,3065,5932,3653,4151,4093,4261,4221
160,4724,3086,3089,6007,3688,4173,4126,4291,4256
161,4677,3179,3183,6076,3724,4197,4146,4335,4295
162,4827,3194,3200,6150,3760,4226,4182,4362,4329
163,4701,3221,3224,6228,3808,4260,4208,4407,4369
164,4858,3244,3247,6300,3837,4291,4240,4437,4399
165,4825,3263,3268,6372,3879,4323,4272,4472,4433
166,4928,3287,3288,6441,3919,4361,4312,4510,4474
167,4886,3312,3318,6516,3961,4403,4346,4547,4503
168,4992,3340,3344,6590,4002,4436,4382,4580,4545
169,4929,3338,3332,6672,4045,4468,4411,4617,4574
170,5146,3365,3359,6757,4085,4507,4458,4643,4599
171,4973,3393,3388,6811,4192,4547,4489,4678,4629
172,5150,3420,3414,6900,4241,4583,4531,4711,4658
173,5096,3443,3439,6983,4281,4619,4564,4743,4687
174,5207,3464,3460,7060,4318,4661,4603,4765,4718
175,5159,3489,3484,7153,4354,4702,4638,4800,4746
176,5258,3512,3507,7229,4406,4730,4672,4826,4778
177,5168,3592,3587,7312,4439,4757,4696,4855,4807
178,5333,3613,3606,7384,4475,4790,4732,4883,4833
179,5290,3629,3629,7465,4476,4828,4762,4913,4861
180,5384,3654,3650,7550,4510,4862,4801,4947,4890
181,5360,3670,3670,7620,4546,4900,4833,4976,4922
182,5486,3691,3691,7700,4579,4939,4874,4999,4943
183,5356,3711,3712,7775,4613,4981,4909,5025,4972
184,5584,3732,3739,7856,4661,5013,4942,5055,5009
185,5428,4147,4140,7936,4695,5047,4973,5084,5029
186,5564,4166,4163,8015,4729,5086,5015,5115,5053
187,5512,4190,4186,8092,4709,5134,5049,5140,5088
188,5670,4216,4214,8175,4747,5163,5087,5161,5108
189,5579,4237,4232,8256,4784,5199,5117,5199,5138
190,5765,4255,4256,8335,4818,5245,5163,5229,5162
191,5624,4282,4275,8462,5294,5282,5194,5255,5184
192,5794,4304,4302,8546,5333,5310,5227,5274,5218
193,5734,4419,4418,8621,5373,5335,5255,5305,5246
194,5862,4440,4439,8707,5413,5369,5290,5340,5277
195,5731,4466,4464,8746,4999,5400,5315,5366,5307
196,5940,4490,4490,8828,5034,5433,5348,5395,5338
197,5842,4511,4511,8911,5067,5464,5374,5422,5367
198,6010,4530,4530,8997,5105,5500,5410,5454,5397
199,5877,4556,4557,9083,5144,5539,5442,5485,5427
200,6069,4582,4580,9167,5181,5567,5477,5516,5457
201,5977,4425,4422,9253,5215,5602,5505,5543,5489
202,6145,4442,4443,9337,5252,5629,5543,5571,5516
203,6065,4467,4466,9422,5336,5669,5577,5600,5548
204,6204,4492,4487,9508,5369,5700,5613,5631,5574
205,6078,4511,4508,9601,5405,5734,5644,5656,5602
206,6233,4533,4527,9680,5445,5778,5685,5693,5639
207,6167,4554,4553,9834,5920,5817,5723,5717,5659
208,6303,4581,4573,9926,5968,5848,5754,5741,5688
209,6269,4705,4702,10008,6006,5880,5783,5770,5717
210,6438,4724,4723,10100,6045,5912,5821,5795,5745
211,6345,4748,4747,10121,5634,5951,5854,5827,5774
212,6451,4777,4771,10215,5667,5984,5893,5858,5802
213,6431,4795,4790,10301,5702,6021,5920,5884,5834
214,6548,4812,4812,10396,5737,6058,5964,5913,5858
215,6432,4836,4835,10482,5773,6102,6003,5939,5888
216,6612,4863,4863,10593,5828,6138,6041,5964,5917
217,6495,5372,5375,10674,5873,6173,6070,5995,5945
218,6697,5394,5396,10771,5900,6209,6115,6020,5972
219,6618,5424,5418,10848,5876,6255,6148,6045,6000
220,6790,5450,5446,10991,5930,6292,6188,6076,6027
221,6673,5471,5469,11032,5966,6333,6222,6107,6054
222,6918,5498,5498,11132,6004,6376,6265,6128,6077
223,6660,5522,5520,11275,6229,6416,6299,6156,6117
224,6857,5549,5551,11365,6273,6442,6333,6186,6142
225,6797,5634,5635,11429,6313,6478,6352,6208,6167
226,6909,5653,5660,11526,6357,6508,6392,6237,6191
227,6832,5686,5682,11612,6170,6552,6418,6263,6220
228,6999,5716,5715,11703,6224,6581,6457,6296,6252
229,6880,5737,5743,11800,6261,6620,6487,6327,6279
230,7154,5761,5763,11899,6299,6656,6524,6352,6306
231,7013,5783,5782,11996,6337,6698,6560,6374,6339
232,7225,5809,5813,12094,6372,6735,6594,6401,6361
233,7012,5683,5682,12221,6405,6768,6624,6429,6391
234,7185,5703,5705,12299,6441,6806,6673,6463,6412
235,7130,5734,5730,12383,7044,6852,6701,6488,6443
236,7299,5760,5757,12491,7075,6885,6746,6509,6472
237,7241,5780,5787,12586,7110,6926,6774,6545,6500
238,7359,5805,5816,12708,7157,6977,6820,6571,6534
239,7234,5834,5839,12776,6952,7013,6860,6602,6559
240,7422,5878,5871,12894,7028,7047,6894,6637,6594
241,7266,5997,5991,12968,7073,7087,6924,6666,6624
242,7506,6021,6039,13111,7120,7123,6970,6698,6651
243,7361,6062,6069,13173,6891,7166,7002,6726,6684
244,7627,6100,6116,13314,6937,7208,7049,6765,6719
245,7505,6167,6133,13410,6984,7257,7082,6799,6758
246,7776,6176,6185,13548,7041,7301,7132,6830,6787
247,7560,6212,6208,13655,7084,7353,7181,6866,6822
248,7714,6245,6237,13762,7161,7391,7228,6897,6852
249,7583,6754,6772,13896,7208,7434,7266,6946,6886
250,7842,6789,6780,13957,7254,7482,7314,6965,6918
251,7643,6814,6808,14107,7488,7526,7350,6993,6946
252,7890,6868,6862,14205,7555,7571,7394,7024,6977
253,7723,6899,6880,14319,7589,7613,7431,7050,7003
254,7988,6893,6910,14421,7651,7658,7475,7078,7033
255,7790,6933,6996,14560,7389,7699,7519,7107,7061
256,7980,6980,6984,14665,7446,7729,7546,7143,7088
257,7882,6772,6795,14800,7519,7751,7572,7184,7135
258,8060,6795,6824,14975,7544,7786,7607,7227,7181
259,7965,6820,6851,15085,7605,7817,7624,7270,7225
260,8238,6878,6872,15297,7767,7843,7668,7306,7270
261,7974,6934,6887,15233,7791,7869,7685,7347,7307
262,8207,6951,6995,15425,7746,7899,7722,7388,7348
263,8058,7086,7007,15594,7800,7933,7755,7435,7386
264,8221,7152,7068,15802,7942,7961,7790,7472,7430
265,8179,7258,7312,15905,7984,7996,7804,7521,7476
266,8377,7332,7318,15988,8055,8020,7856,7561,7519
267,8265,7389,7352,16128,8101,8050,7872,7603,7563
268,8373,7428,7370,16354,8276,8090,7914,7652,7608
269,8277,7534,7428,16462,8289,8127,7938,7694,7662
270,8466,7697,7537,16594,8169,8157,7978,7739,7699
271,8369,7658,7694,16726,8229,8188,8015,7785,7744
272,8547,7655,7622,16832,8412,8213,8044,7830,7785
273,8430,8023,7839,17069,8559,8236,8062,7875,7842
274,8622,7977,7946,17092,8495,8273,8105,7924,7881
275,8424,8026,8054,17277,8588,8299,8125,7972,7927
276,8649,8126,8131,17465,8816,8342,8166,8012,7970
277,8586,8125,8239,17607,8930,8372,8196,8060,8010
278,8881,8104,8117,17687,8672,8402,8231,8100,8052
279,8555,8286,8216,17802,8783,8435,8266,8148,8099
280,8771,8324,8332,17937,8983,8478,8309,8191,8141
281,8736,8543,8504,18085,9198,8505,8335,8235,8186
282,8954,8572,8571,18184,9158,8539,8372,8281,8234
283,8748,8600,8637,18293,9269,8578,8400,8321,8271
284,8942,8670,8665,18483,9571,8617,8441,8371,8318
285,8814,8693,8677,18569,9626,8645,8469,8414,8360
286,8985,8724,8704,18697,9315,8684,8507,8448,8411
287,8957,8751,8757,18832,9508,8722,8543,8486,8446
288,9046,8788,8778,18944,9775,8749,8579,8539,8498
289,8892,8988,8967,19081,9858,8773,8589,8582,8541
290,9237,9018,9008,19191,9773,8795,8631,8635,8585
291,9061,9037,9032,19320,9861,8840,8654,8667,8630
292,9190,9080,9067,19466,10066,8864,8694,8710,8677
293,9065,9110,9093,19569,10154,8907,8746,8753,8720
294,9284,9124,9124,19674,9996,8945,8759,8799,8774
295,9136,9158,9178,19795,10118,8984,8793,8834,8799
296,9327,9184,9180,19932,10247,9015,8829,8884,8843
297,9219,9371,9381,20098,10343,9038,8851,8937,8900
298,9529,9391,9401,20203,10324,9080,8899,8966,8946
299,9305,9435,9445,20337,10357,9119,8927,9012,8978
300,9479,9475,9468,20455,10560,9161,9001,9062,9016
301,9335,9485,9504,20569,10610,9219,9002,9095,9067
302,9545,9534,9524,20673,10581,9229,9039,9152,9116
303,9442,9571,9551,20850,10631,9270,9072,9194,9160
304,9738,9595,9597,20955,10788,9303,9117,9223,9199
305,9502,9803,9766,21098,10827,9356,9137,9294,9231
306,9849,9803,9798,21198,10793,9377,9181,9314,9282
307,9590,9847,9851,21323,10837,9407,9209,9355,9330
308,9827,9856,9873,21465,10990,9447,9253,9398,9367
309,9733,9898,9897,21586,11034,9478,9290,9447,9415
310,9866,9921,9955,21708,11041,9532,9328,9485,9452
311,9664,9954,9971,21844,11056,9563,9371,9539,9495
312,9849,10005,10004,21988,11220,9611,9424,9559,9541
313,9864,10185,10197,22111,11270,9636,9435,9598,9594
314,10165,10212,10214,22210,11208,9680,9501,9642,9622
315,9855,10250,10256,22350,11286,9727,9530,9717,9666
316,10086,10276,10277,22492,11439,9760,9569,9744,9706
317,9897,10322,10312,22607,11513,9791,9606,9777,9755
318,10095,10337,10346,22766,11439,9849,9655,9821,9804
319,10020,10385,10384,22904,11497,9891,9685,9854,9834
320,10212,10407,10404,23026,11644,9916,9720,9893,9889
321,10038,10622,10608,23171,11740,9943,9741,9935,9914
322,10233,10628,10640,23298,11660,9983,9794,9966,9953
323,10204,10671,10660,23422,11715,10036,9831,10014,10004
324,10379,10688,10704,23566,11882,10055,9859,10050,10024
325,10206,10729,10735,23704,11954,10100,9883,10080,10070
326,10511,10763,10783,23815,11871,10130,9925,10109,10125
327,10286,10788,10779,23955,11955,10169,9955,10162,10139
328,10437,10822,10842,24089,12106,10218,10013,10204,10176
329,10363,11041,11001,24226,12167,10279,10018,10229,10211
330,10593,11032,11031,24361,12122,10298,10071,10270,10264
331,10394,11091,11066,24498,12171,10337,10102,10291,10297
332,10633,11121,11099,24632,12308,10362,10159,10336,10338
333,10418,11127,11159,24774,12383,10424,10192,10372,10361
334,10698,11153,11159,24916,12342,10463,10221,10401,10395
335,10553,11206,11195,25054,12383,10504,10270,10432,10438
336,10732,11235,11226,25182,12561,10538,10301,10461,10485
337,10662,11445,11425,25326,12579,10598,10324,10495,10508
338,10914,11493,11451,25452,12533,10605,10376,10528,10532
339,10730,11520,11485,25590,12607,10666,10421,10562,10604
340,11045,11559,11550,25758,12751,10688,10464,10608,10605
341,10925,11557,11569,25892,12846,10737,10486,10637,10624
342,11031,11596,11604,26019,12772,10782,10531,10696,10689
343,10859,11626,11631,26171,12845,10843,10580,10710,10706
344,11044,11684,11666,26308,13007,10864,10616,10741,10763
345,10968,11852,11848,26444,13029,10905,10653,10776,10772
346,11253,11892,11881,26578,12989,10964,10702,10821,10800
347,10928,11916,11976,26725,13051,11037,10756,10840,10828
348,11240,11996,11954,26864,13259,11057,10794,10875,10869
349,11011,12003,11999,27004,13262,11092,10822,10922,10905
350,11324,12044,12022,27150,13236,11120,10861,10950,10932
351,11096,12052,12061,27298,13315,11175,10912,10979,10980
352,11288,12086,12100,27443,13462,11207,10953,10967,10974
353,11139,12281,12325,27590,13484,11233,10992,10999,11029
354,11385,12306,12362,27721,13451,11278,11031,11049,11063
355,11284,12353,12384,27876,13541,11323,11054,11081,11085
356,11504,12411,12414,28019,13670,11361,11114,11116,11103
357,11375,12454,12446,28183,13746,11417,11138,11148,11140
358,11514,12452,12460,28289,13721,11438,11181,11153,11178
359,11417,12500,12505,28455,13767,11507,11228,11209,11196
360,11573,12529,12539,28601,13919,11527,11267,11224,11219
361,11483,12704,12712,28733,13964,11572,11286,11265,11272
362,11644,12775,12787,28900,13943,11610,11360,11307,11272
363,11505,12788,12780,29042,13971,11647,11421,11332,11331
364,11754,12820,12825,29203,14175,11724,11433,11376,11371
365,11558,12860,12883,29331,14233,11751,11482,11388,11370
366,11779,12899,12892,29463,14192,11787,11511,11392,11415
367,11731,12970,12950,29622,14265,11856,11557,11447,11450
368,12008,12983,12978,29800,14409,11865,11597,11486,11493
369,11733,13189,13203,29932,14460,11946,11641,11511,11515
370,12074,13203,13232,30085,14411,11944,11687,11554,11548
371,11837,13256,13261,30233,14468,11994,11711,11567,11556
372,12030,13269,13263,30384,14644,12036,11760,11602,11603
373,11903,13327,13299,30505,14713,12080,11822,11601,11624
374,12142,13339,13344,30684,14640,12123,11840,11658,11673
375,11951,13360,13377,30812,14680,12174,11924,11679,11681
376,12352,13426,13435,30977,14875,12195,11933,11719,11731
377,11967,13644,13619,31144,14947,12243,11987,11744,11738
378,12298,13693,13661,31301,14866,12285,12033,11802,11776
379,12165,13724,13694,31453,14966,12334,12095,11793,11809
380,12462,13748,13721,31593,15115,12381,12111,11835,11829
381,12169,13804,13760,31740,15184,12432,12141,11882,11878
382,12343,13822,13810,31919,15128,12474,12206,11891,11894
383,12242,13852,13843,32068,15208,12545,12229,11934,11939
384,12537,13885,13913,32213,15336,12570,12260,11953,11968
385,12363,14109,14114,32384,15421,12573,12303,12012,11993
386,12472,14141,14144,32518,15363,12660,12339,12053,12042
387,12360,14173,14158,32681,15434,12646,12377,12094,12078
388,12592,14169,14217,32842,15615,12684,12418,12107,12130
389,12502,14253,14263,32973,15700,12713,12455,12155,12180
390,12705,14289,14253,33124,15615,12785,12494,12199,12200
391,12552,14323,14305,33303,15678,12809,12550,12266,12225
392,12703,14365,14354,33474,15870,12852,12565,12301,12276
393,12667,14573,14591,33605,15917,12860,12598,12332,12326
394,12984,14614,14603,33770,15843,12923,12636,12353,12365
395,12746,14654,14654,33937,15922,12957,12701,12384,12402
396,13026,14697,14706,34090,16111,13006,12727,12407,12422
397,12703,14726,14731,34277,16170,13048,12756,12467,12466
398,13080,14744,14759,34428,16115,13101,12810,12499,12511
399,12733,14796,14786,34575,16181,13126,12845,12536,12526
400,13072,14841,14835,34747,16351,13151,12881,12588,12565
401,12847,15077,15087,34918,16408,13186,12934,12589,12615
402,13205,15108,15115,35070,16366,13239,12968,12761,12861
403,13044,15132,15257,35565,16496,13491,13095,12691,12694
404,13111,15167,15204,35425,16621,13292,13069,12763,12739
405,12988,15210,15244,35596,16685,13334,13089,12762,12762
406,13181,15299,15257,35699,16659,13370,13148,12800,12792
407,13131,15296,15315,35882,16711,13441,13203,12844,12834
408,13310,15353,15342,36073,16854,13476,13235,12885,12896
409,13285,15591,15602,36199,16934,13481,13287,12932,12911
410,13391,15640,15609,36381,16904,13529,13335,12927,12922
411,13300,15670,15656,36524,16967,13613,13369,12971,12976
412,13485,15675,15671,36722,17131,13649,13419,13027,12999
413,13326,15758,15748,36865,17197,13700,13471,13052,13038
414,13515,15755,15764,37032,17175,13742,13510,13086,13078
415,13404,15800,15818,37218,17222,13762,13546,13123,13104
416,13666,15854,15858,37412,17379,13784,13581,13170,13159
417,13454,16114,16121,37551,17455,13856,13598,13190,13180
418,13744,16132,16124,37744,17405,13857,13669,13250,13204
419,13608,16134,16194,37866,17459,13915,13681,13263,13241
420,13758,16223,16187,38055,17646,13969,13727,13291,13280
421,13517,16251,16262,38225,17709,13985,13787,13343,13335
422,13797,16265,16287,38407,17644,14012,13816,13354,13353
423,13681,16339,16333,38537,17743,14072,13869,13387,13403
424,14009,16360,16378,38721,17910,14089,13931,13426,13418
425,13746,16647,16649,38873,17967,14139,13945,13475,13438
426,14035,16663,16635,39033,17939,14162,14004,13502,13476
427,13791,16701,16702,39246,18009,14213,14046,13519,13551
428,14111,16745,16741,39405,18163,14293,14099,13572,13531
429,13865,16771,16764,39593,18245,14298,14147,13604,13594
430,14148,16798,16818,39764,18221,14337,14198,13620,13642
431,13936,16856,16826,39921,18260,14388,14235,13666,13681
432,14181,16897,16908,40083,18457,14459,14295,13706,13698
433,13940,17181,17178,40277,18507,14468,14331,13720,13737
434,14213,17247,17215,40454,18472,14519,14383,13768,13754
435,14026,17234,17237,40601,18544,14545,14400,13827,13788
436,14312,17291,17301,40794,18723,14623,14440,13835,13833
437,14215,17349,17350,40984,18785,14633,14507,13869,13843
438,14434,17382,17387,41152,18724,14683,14556,13894,13874
439,14243,17440,17428,41316,18834,14737,14590,13921,13935
440,14385,17462,17470,41510,18995,14793,14652,13954,13966
441,14335,17764,17778,41656,19055,14820,14682,14012,13989
442,14670,17789,17808,41841,19012,14867,14748,14013,14031
443,14532,17963,17856,42197,19250,15030,14769,14090,14084
444,14718,17899,17997,42209,19264,14982,14829,14091,14094
445,14444,17912,17925,42391,19346,14993,14848,14120,14125
446,14700,17968,17978,42558,19306,15068,14919,14168,14167
447,14569,17999,18011,42762,19383,15082,14944,14187,14197
448,14714,18046,18052,42900,19535,15153,14970,14223,14200
449,14634,18552,18453,43383,19743,15181,14991,14433,14365
450,15258,18576,18605,43714,19744,15358,15366,14638,14569
451,14853,18661,18660,43891,19806,15408,15420,14522,14539
452,14898,18570,18700,43700,19864,15311,15222,14380,14350
453,14892,18601,18617,43865,19915,15348,15185,14437,14409
454,15090,18627,18643,44041,19885,15401,15239,14420,14436
455,15029,18643,18702,44226,19960,15450,15275,14462,14437
456,14988,18709,18717,44375,20116,15485,15329,14546,14494
457,14849,19031,19045,44596,20230,15519,15347,14556,14542
458,15130,19079,19030,44766,20169,15558,15410,14605,14580
459,14875,19138,19078,44967,20221,15612,15444,14616,14592
460,15225,19138,19136,45140,20475,15642,15503,14663,14615
461,15080,19163,19164,45341,20537,15690,15544,14677,14678
462,15208,19243,19213,45523,20528,15734,15589,14721,14712
463,15062,19279,19266,45688,20611,15769,15625,14751,14744
464,15482,19312,19308,45887,20792,15828,15677,14793,14767
465,15105,19611,19610,46068,20841,15844,15726,14820,14796
466,15432,19614,19654,46264,20786,15886,15749,14833,14816
467,15253,19697,19697,46442,20875,15956,15812,14874,14856
468,15574,19716,19727,46622,21131,15980,15874,14896,14890
469,15364,19777,19749,46823,21214,15993,15907,14940,14915
470,15450,19804,19816,47013,21205,16071,15957,14985,14957
471,15409,19839,19869,47204,21313,16115,16000,15019,14960
472,15723,19892,19905,47370,21504,16133,16045,15036,15044
473,15646,20197,20170,47550,21550,16186,16055,15092,15080
474,15668,20242,20213,47771,21581,16244,16138,15134,15095
475,15548,20252,20263,47920,21677,16296,16170,15161,15134
476,15819,20317,20305,48120,21854,16344,16223,15181,15171
477,15582,20334,20356,48300,21931,16381,16257,15190,15209
478,15852,20388,20376,48513,22002,16427,16320,15241,15227
479,15733,20415,20440,48702,22064,16477,16345,15281,15262
480,16051,20476,20483,48892,22260,16533,16402,15307,15286
481,15793,20738,20771,49063,22325,16530,16427,15352,15314
482,16042,20814,20766,49234,22392,16617,16497,15392,15376
483,15763,20825,20859,49455,22465,16612,16532,15416,15376
484,16040,20870,20880,49610,22600,16685,16570,15440,15391
485,15895,20898,20933,49830,22715,16732,16632,15495,15468
486,16044,20955,20946,50023,22772,16774,16665,15687,15478
487,16221,21144,21154,50730,23079,16997,16805,15741,15682
488,16206,21016,21070,50419,22934,16835,16905,15584,15564
489,16376,21271,21250,50891,23273,17107,16786,16048,15529
490,16343,21285,21434,50836,23120,16948,17127,15659,15643
491,16026,21332,21358,51029,23227,16957,16894,15704,15656
492,16742,21546,21544,51492,23540,17347,17046,15930,15919
493,16361,21585,21586,51930,23663,17348,17182,15987,15910
494,16490,21589,21639,51592,23467,17115,17247,15879,15801
495,16544,21657,21569,52078,23746,17462,17179,16022,15857
496,16394,21533,21546,51953,23599,17202,17077,15809,15803
497,16334,21802,21781,52154,23684,17214,17129,15843,15805
498,16572,21821,21832,52327,23808,17285,17179,15881,15856
499,16411,21837,21860,52528,23902,17335,17205,15942,15887
500,16613,21918,21909,52765,23993,17379,17266,15956,15909
