n,Find (O1),Find (O2),Find (O3),Find (Os),Find (Oz),Heap (O1),Heap (O2),Heap (O3),Heap (Os),Heap (Oz),Tournament Tree (O1),Tournament Tree (O2),Tournament Tree (O3),Tournament Tree (Os),Tournament Tree (Oz)
3,39,39,35,42,42,20,18,18,18,18,18,23,23,22,22
4,56,56,51,59,59,31,27,28,28,29,30,38,39,37,36
5,71,72,65,75,75,43,38,38,38,41,45,54,57,54,53
6,85,85,77,89,89,60,53,53,54,57,54,68,72,64,63
7,101,101,92,105,106,81,71,70,72,76,74,89,95,85,86
8,122,123,109,122,127,95,82,81,83,87,85,103,108,100,98
9,131,135,128,139,143,109,93,92,94,102,108,129,140,125,124
10,143,148,140,151,157,129,110,109,112,120,127,149,163,145,144
11,160,163,154,169,171,154,129,128,132,141,146,169,185,165,164
12,175,178,169,184,188,174,145,145,149,157,156,178,200,175,175
13,189,195,184,199,195,195,167,164,168,178,180,210,224,202,201
14,206,212,197,215,215,225,189,188,191,202,196,225,242,216,217
15,221,228,213,231,225,256,218,212,219,231,207,245,263,237,234
16,238,252,231,248,246,270,229,223,231,243,223,259,279,250,250
17,277,260,248,269,264,279,243,238,243,261,251,293,313,282,280
18,289,271,260,280,279,302,259,255,262,279,278,319,343,311,310
19,307,286,274,297,295,325,283,277,282,300,305,353,376,340,337
20,322,301,289,312,310,366,301,295,302,319,331,376,399,365,363
21,344,318,304,329,324,390,319,313,322,338,355,406,426,392,390
22,358,333,319,345,342,395,345,340,344,367,370,423,448,409,407
23,378,351,336,361,358,422,373,366,372,396,388,440,465,429,421
24,400,369,350,379,375,440,390,381,392,414,403,450,482,443,441
25,405,381,367,397,393,466,413,402,414,436,429,479,513,468,462
26,416,392,382,409,404,491,438,428,442,462,447,503,538,492,487
27,436,408,395,422,420,525,467,459,473,492,465,525,559,511,506
28,452,423,411,441,439,555,493,485,499,519,479,547,580,533,528
29,468,439,424,455,467,584,521,509,520,548,499,565,599,551,542
30,486,456,438,471,474,620,555,542,555,584,519,589,624,565,563
31,503,471,456,492,490,661,580,573,588,620,536,605,646,591,583
32,530,491,475,508,510,681,597,590,606,636,549,625,670,610,599
33,528,507,496,535,535,686,609,600,616,650,588,657,705,643,634
34,537,516,505,544,535,713,630,620,634,674,615,695,746,678,667
35,559,531,521,566,554,734,652,645,661,701,654,727,782,717,707
36,572,547,538,582,576,758,675,666,679,722,687,760,817,749,743
37,589,563,549,600,591,786,697,685,699,748,717,797,862,782,778
38,606,582,570,616,632,816,728,713,726,776,749,831,896,821,802
39,625,600,584,636,637,844,752,734,748,808,783,861,929,851,837
40,644,618,601,655,648,866,768,756,770,827,808,885,954,870,862
41,686,658,643,697,676,888,789,776,791,852,841,923,991,908,898
42,700,673,651,712,702,915,818,810,819,881,868,947,1023,941,930
43,717,685,669,729,711,954,849,837,850,916,894,974,1056,970,945
44,735,702,688,745,726,983,881,866,872,947,920,995,1083,996,974
45,755,719,704,766,756,1022,905,895,905,976,943,1017,1114,1015,1002
46,775,738,721,787,779,1048,939,933,940,1012,964,1039,1144,1043,1027
47,796,756,740,809,785,1089,973,963,977,1047,984,1066,1169,1066,1037
48,811,778,760,823,800,1120,992,983,993,1071,1001,1079,1194,1088,1065
49,863,827,806,861,834,1139,1013,999,1013,1100,1031,1112,1226,1106,1094
50,873,839,826,879,851,1179,1048,1035,1044,1129,1060,1140,1259,1140,1114
51,897,857,835,893,887,1204,1079,1059,1081,1160,1085,1168,1286,1180,1140
52,916,871,854,908,901,1245,1113,1091,1107,1199,1103,1193,1313,1199,1167
53,928,885,871,927,898,1275,1145,1116,1142,1225,1125,1217,1343,1222,1177
54,949,904,889,942,916,1310,1182,1160,1176,1265,1152,1243,1372,1248,1205
55,968,926,909,963,951,1349,1225,1197,1216,1312,1169,1268,1402,1267,1224
56,997,956,936,981,962,1404,1257,1217,1244,1349,1199,1291,1419,1282,1250
57,1019,972,952,993,1000,1425,1279,1242,1267,1374,1213,1316,1455,1311,1279
58,1025,979,967,1012,1002,1455,1314,1281,1308,1405,1246,1337,1480,1339,1297
59,1046,994,979,1029,1017,1493,1357,1323,1354,1461,1258,1362,1510,1366,1319
60,1056,1013,1002,1045,1046,1543,1394,1351,1384,1498,1291,1391,1539,1389,1346
61,1079,1036,1021,1065,1056,1577,1424,1400,1414,1536,1318,1409,1567,1439,1376
62,1097,1051,1034,1080,1067,1617,1464,1436,1453,1575,1337,1431,1595,1463,1402
63,1116,1068,1053,1097,1118,1655,1509,1476,1504,1622,1359,1461,1627,1486,1416
64,1139,1085,1076,1118,1113,1676,1521,1498,1526,1648,1405,1480,1656,1507,1480
65,1185,1131,1119,1165,1173,1698,1549,1509,1539,1664,1440,1529,1693,1555,1535
66,1187,1141,1127,1172,1171,1714,1562,1530,1554,1687,1481,1563,1722,1587,1559
67,1209,1158,1146,1190,1203,1754,1599,1556,1586,1718,1518,1600,1770,1632,1594
68,1223,1176,1159,1209,1209,1765,1625,1589,1609,1750,1550,1641,1809,1655,1637
69,1249,1192,1179,1228,1243,1787,1640,1602,1629,1772,1583,1675,1840,1688,1690
70,1275,1210,1199,1236,1256,1839,1673,1633,1661,1803,1614,1716,1884,1736,1707
71,1291,1235,1211,1264,1279,1864,1707,1655,1691,1831,1645,1750,1911,1771,1746
72,1300,1250,1225,1279,1291,1900,1721,1685,1712,1856,1683,1780,1944,1808,1779
73,1394,1324,1303,1341,1349,1911,1747,1704,1735,1880,1713,1816,1990,1833,1812
74,1411,1337,1316,1358,1354,1950,1778,1736,1763,1914,1743,1869,2026,1874,1844
75,1416,1350,1340,1382,1375,1974,1810,1763,1796,1950,1782,1891,2065,1897,1877
76,1457,1373,1352,1393,1395,2003,1836,1797,1824,1975,1810,1929,2097,1950,1906
77,1461,1391,1374,1418,1419,2042,1859,1814,1853,2004,1842,1964,2121,1962,1942
78,1474,1417,1384,1429,1418,2087,1896,1848,1885,2049,1872,2006,2162,2009,1967
79,1496,1434,1408,1440,1454,2117,1933,1893,1922,2074,1908,2039,2193,2029,2016
80,1528,1453,1426,1456,1473,2141,1949,1920,1953,2095,1934,2065,2235,2055,2029
81,1561,1507,1465,1496,1520,2182,1979,1934,1967,2126,1966,2105,2264,2108,2091
82,1569,1528,1481,1515,1528,2227,2003,1958,1998,2155,1996,2134,2295,2124,2098
83,1582,1541,1502,1536,1550,2249,2054,1988,2027,2196,2025,2182,2335,2150,2125
84,1609,1561,1513,1551,1570,2276,2082,2023,2063,2225,2053,2202,2378,2200,2165
85,1631,1575,1535,1569,1585,2300,2114,2052,2092,2269,2087,2239,2406,2214,2185
86,1648,1601,1549,1586,1606,2353,2146,2097,2132,2302,2111,2263,2433,2256,2229
87,1659,1617,1568,1602,1609,2390,2185,2124,2164,2345,2144,2293,2464,2289,2271
88,1696,1636,1581,1625,1639,2420,2221,2154,2191,2384,2161,2312,2494,2301,2270
89,1762,1641,1618,1654,1649,2463,2244,2189,2222,2410,2194,2348,2540,2349,2298
90,1760,1650,1640,1678,1685,2501,2289,2231,2250,2445,2213,2368,2563,2358,2341
91,1786,1672,1654,1694,1709,2531,2322,2260,2291,2497,2249,2399,2600,2400,2361
92,1817,1684,1677,1711,1723,2574,2366,2301,2332,2534,2269,2426,2634,2414,2376
93,1818,1703,1687,1735,1746,2626,2401,2347,2377,2583,2296,2456,2670,2448,2427
94,1875,1733,1721,1756,1770,2690,2497,2457,2486,2674,2330,2489,2707,2504,2458
95,1897,1762,1768,1801,1797,2798,2636,2556,2614,2825,2377,2534,2764,2543,2493
96,1914,1797,1796,1838,1846,2911,2694,2607,2660,2872,2407,2549,2795,2564,2524
97,1951,1848,1841,1892,1878,2927,2708,2634,2677,2905,2435,2593,2827,2608,2576
98,1964,1869,1859,1909,1935,2976,2744,2654,2714,2947,2473,2626,2864,2627,2613
99,1978,1890,1873,1918,1949,3014,2776,2694,2751,2976,2495,2650,2895,2680,2618
100,1988,1901,1889,1937,1971,3039,2823,2735,2792,3032,2521,2691,2937,2708,2649
101,2004,1929,1902,1961,1976,3093,2843,2755,2813,3059,2566,2718,2971,2716,2706
102,2039,1941,1928,1972,2012,3120,2888,2794,2856,3100,2585,2753,3007,2753,2709
103,2073,1966,1945,2004,2002,3157,2933,2822,2896,3136,2612,2775,3041,2789,2741
104,2084,1983,1960,2016,2034,3210,2982,2883,2944,3187,2635,2817,3083,2821,2770
105,2205,2098,2062,2093,2141,3239,3008,2905,2977,3218,2665,2849,3098,2838,2811
106,2232,2111,2081,2119,2163,3270,3051,2957,3011,3264,2692,2890,3148,2884,2831
107,2256,2138,2088,2142,2180,3312,3093,2976,3054,3306,2717,2909,3178,2921,2867
108,2281,2159,2117,2155,2193,3374,3155,3033,3093,3352,2748,2956,3211,2922,2917
109,2282,2179,2135,2177,2222,3426,3181,3070,3144,3396,2771,2971,3251,2967,2931
110,2322,2196,2151,2206,2225,3461,3213,3122,3189,3447,2792,2995,3280,3000,2955
111,2351,2220,2165,2208,2261,3517,3266,3163,3232,3496,2824,3036,3314,3017,2990
112,2362,2246,2195,2235,2268,3550,3330,3203,3277,3540,2857,3071,3348,3059,3012
113,2477,2348,2285,2325,2366,3586,3336,3225,3315,3589,2878,3094,3392,3083,3046
114,2480,2356,2300,2361,2389,3604,3377,3254,3323,3613,2902,3124,3410,3113,3081
115,2498,2387,2318,2387,2395,3649,3418,3300,3396,3666,2931,3163,3455,3153,3111
116,2545,2403,2339,2399,2399,3705,3476,3354,3417,3707,2972,3193,3486,3176,3133
117,2580,2421,2357,2411,2452,3752,3501,3395,3473,3761,2997,3213,3516,3205,3165
118,2592,2446,2377,2435,2481,3809,3563,3450,3503,3803,3018,3254,3555,3239,3219
119,2590,2471,2396,2466,2496,3859,3617,3484,3560,3859,3054,3286,3594,3276,3234
120,2637,2491,2420,2483,2503,3911,3677,3522,3598,3921,3084,3316,3621,3293,3279
121,2577,2444,2403,2488,2582,3955,3703,3568,3654,3951,3101,3346,3660,3337,3281
122,2611,2471,2424,2493,2610,3996,3739,3617,3689,4006,3133,3373,3684,3365,3337
123,2638,2490,2431,2524,2583,4039,3798,3638,3722,4060,3165,3410,3731,3391,3356
124,2647,2511,2453,2544,2638,4082,3848,3705,3769,4118,3188,3438,3759,3419,3384
125,2675,2533,2474,2579,2673,4139,3879,3748,3829,4168,3223,3466,3792,3457,3408
126,2724,2546,2490,2595,2686,4172,3924,3778,3872,4207,3234,3489,3822,3466,3447
127,2737,2575,2514,2588,2709,4225,3981,3844,3933,4274,3275,3514,3852,3515,3465
128,2742,2595,2539,2628,2715,4274,4010,3869,3971,4317,3307,3559,3891,3536,3509
129,2807,2657,2623,2740,2821,4281,4050,3881,3987,4337,3334,3594,3931,3594,3543
130,2862,2683,2631,2745,2866,4297,4082,3918,4003,4377,3368,3633,3963,3622,3588
131,2859,2707,2648,2784,2876,4349,4093,3938,4048,4397,3411,3671,4011,3660,3624
132,2890,2724,2679,2795,2915,4390,4142,3959,4077,4434,3436,3706,4052,3697,3642
133,2904,2743,2694,2824,2928,4436,4165,3999,4114,4466,3481,3753,4083,3727,3683
134,2926,2769,2719,2843,2966,4441,4213,4028,4141,4508,3508,3806,4143,3769,3722
135,2953,2793,2730,2868,2990,4484,4236,4071,4170,4547,3555,3844,4181,3816,3781
136,2987,2812,2750,2888,3017,4526,4256,4087,4198,4559,3590,3873,4206,3846,3803
137,3220,3005,2926,3098,3135,4533,4296,4126,4254,4605,3622,3928,4278,3898,3861
138,3204,3029,2953,3151,3156,4603,4352,4151,4274,4655,3661,3961,4302,3935,3900
139,3195,3053,2970,3147,3175,4613,4372,4187,4315,4687,3691,3999,4324,3987,3938
140,3232,3076,2996,3186,3189,4663,4420,4207,4342,4714,3733,4037,4374,4021,3960
141,3249,3100,3021,3198,3227,4702,4452,4239,4367,4754,3773,4087,4420,4045,4009
142,3314,3122,3037,3222,3244,4750,4487,4297,4425,4792,3818,4130,4447,4117,4046
143,3319,3151,3064,3254,3257,4787,4537,4331,4466,4847,3852,4168,4500,4134,4087
144,3382,3174,3084,3283,3307,4813,4556,4363,4508,4863,3886,4204,4544,4180,4131
145,3439,3216,3155,3354,3356,4845,4593,4393,4534,4895,3915,4258,4587,4216,4162
146,3477,3242,3171,3379,3384,4887,4615,4403,4553,4924,3969,4304,4622,4248,4200
147,3439,3264,3196,3401,3404,4927,4650,4443,4596,4972,3999,4358,4666,4289,4240
148,3502,3288,3211,3434,3423,4972,4697,4459,4617,4988,4033,4382,4710,4334,4275
149,3513,3308,3243,3449,3421,4996,4717,4512,4660,5025,4080,4412,4734,4381,4316
150,3567,3333,3276,3471,3453,5055,4767,4551,4725,5083,4100,4464,4790,4406,4363
151,3546,3359,3288,3505,3509,5091,4823,4609,4752,5128,4139,4496,4827,4459,4398
152,3579,3380,3300,3527,3539,5129,4842,4618,4802,5144,4169,4539,4853,4492,4455
153,3567,3395,3347,3606,3635,5165,4884,4642,4831,5201,4209,4582,4918,4537,4470
154,3628,3428,3354,3618,3634,5203,4929,4677,4863,5246,4257,4621,4935,4556,4521
155,3605,3458,3364,3640,3691,5252,4954,4741,4901,5286,4284,4666,4979,4603,4562
156,3643,3478,3404,3664,3667,5303,4992,4788,4958,5319,4333,4722,5013,4654,4590
157,3693,3493,3422,3699,3727,5340,5035,4819,4983,5372,4356,4733,5066,4683,4617
158,3673,3533,3440,3732,3744,5395,5095,4858,5028,5411,4408,4770,5102,4724,4662
159,3722,3561,3471,3748,3803,5459,5133,4902,5066,5479,4429,4804,5135,4762,4685
160,3738,3578,3497,3774,3811,5483,5174,4917,5117,5515,4472,4846,5181,4783,4734
161,3860,3650,3572,3827,3947,5523,5199,4943,5133,5524,4510,4896,5206,4831,4793
162,3849,3686,3613,3855,3967,5578,5251,4963,5172,5570,4548,4928,5261,4895,4814
163,3879,3704,3638,3876,4001,5597,5290,5005,5224,5628,4585,4976,5318,4910,4859
164,3894,3731,3659,3908,4017,5630,5315,5058,5261,5657,4628,5027,5343,5135,5040
165,3994,3765,3692,3937,4061,5688,5348,5087,5294,5684,4661,5059,5379,5150,5062
166,3983,3794,3715,3952,4067,5702,5398,5138,5328,5737,4704,5095,5426,5054,4966
167,4055,3814,3731,4003,4130,5758,5448,5170,5364,5780,4728,5132,5463,5082,5012
168,4034,3854,3779,4020,4135,5807,5486,5193,5420,5819,4767,5186,5519,5133,5041
169,4306,4132,3973,4213,4306,5850,5485,5234,5462,5846,4806,5218,5535,5167,5086
170,4309,4158,3994,4221,4336,5892,5549,5287,5504,5877,4838,5241,5577,5200,5135
171,4363,4179,4021,4277,4368,5937,5613,5323,5549,5932,4880,5302,5609,5231,5166
172,4411,4214,4064,4301,4381,5998,5669,5373,5599,5997,4910,5345,5670,5259,5195
173,4443,4241,4093,4340,4400,6044,5718,5414,5610,6032,4941,5367,5696,5298,5245
174,4416,4280,4111,4363,4417,6080,5744,5454,5701,6085,4968,5404,5733,5341,5263
175,4442,4305,4131,4383,4470,6124,5814,5488,5745,6134,5008,5441,5758,5359,5297
176,4481,4330,4161,4393,4505,6179,5848,5522,5779,6160,5035,5473,5814,5420,5346
177,4650,4494,4324,4574,4661,6204,5877,5574,5821,6173,5082,5502,5831,5450,5379
178,4677,4498,4345,4567,4689,6280,5929,5602,5839,6250,5094,5556,5890,5485,5401
179,4736,4517,4364,4608,4706,6299,5956,5670,5892,6307,5140,5568,5922,5521,5433
180,4691,4554,4399,4642,4738,6372,6018,5694,5954,6342,5169,5616,5971,5549,5462
181,4722,4576,4415,4692,4782,6359,6036,5748,6017,6386,5205,5647,6001,5571,5528
182,4841,4596,4447,4717,4782,6445,6088,5788,6042,6426,5236,5667,6033,5604,5543
183,4810,4635,4480,4729,4829,6495,6121,5849,6087,6467,5265,5707,6077,5628,5582
184,4867,4658,4516,4742,4866,6553,6209,5895,6140,6532,5288,5732,6122,5693,5595
185,4735,4526,4395,4739,4870,6580,6209,5916,6175,6556,5323,5755,6132,5710,5631
186,4739,4544,4427,4753,4883,6669,6281,5963,6222,6617,5347,5811,6181,5738,5692
187,4801,4580,4441,4793,4952,6717,6320,5994,6246,6645,5377,5842,6212,5778,5699
188,4840,4595,4483,4817,4995,6752,6380,6091,6304,6725,5413,5879,6272,5811,5747
189,4830,4623,4494,4839,5014,6803,6436,6095,6354,6785,5441,5902,6306,5843,5777
190,4863,4660,4517,4853,5047,6870,6511,6150,6418,6822,5477,5924,6338,5876,5795
191,4986,4684,4542,4877,5063,6915,6524,6201,6476,6884,5511,5970,6400,5916,5853
192,4933,4707,4580,4915,5071,6959,6602,6255,6489,6945,5553,5986,6414,5952,5890
193,5099,4891,4711,5078,5198,6988,6627,6250,6520,6983,5586,6041,6458,5966,5935
194,5097,4917,4739,5094,5227,7028,6656,6334,6573,7010,5620,6089,6501,5992,5954
195,5164,4949,4752,5128,5254,7038,6672,6359,6584,7042,5636,6104,6539,6074,5970
196,5175,4974,4785,5161,5290,7141,6689,6404,6635,7070,5674,6144,6567,6097,6013
197,5212,4991,4810,5191,5324,7152,6753,6474,6699,7127,5698,6197,6630,6105,6051
198,5247,5029,4815,5208,5333,7190,6810,6507,6741,7186,5729,6230,6665,6152,6091
199,5249,5056,4862,5247,5382,7240,6845,6496,6768,7229,5766,6282,6705,6169,6115
200,5224,5090,4905,5265,5392,7266,6865,6548,6805,7258,5785,6301,6735,6199,6131
201,5738,5492,5257,5522,5711,7293,6879,6594,6872,7320,5828,6320,6782,6268,6186
202,5761,5501,5305,5567,5741,7358,6954,6623,6884,7355,5863,6397,6813,6272,6192
203,5729,5529,5326,5597,5779,7375,6987,6690,6938,7396,5884,6413,6864,6307,6227
204,5821,5571,5356,5578,5784,7432,7044,6696,6993,7421,5928,6449,6890,6355,6269
205,5834,5587,5388,5642,5825,7484,7094,6781,7049,7472,5960,6502,6942,6407,6303
206,5846,5620,5396,5659,5867,7539,7111,6788,7067,7503,5980,6519,6974,6425,6356
207,5875,5635,5427,5694,5885,7579,7184,6842,7147,7568,5998,6563,7016,6464,6391
208,5913,5680,5461,5740,5913,7615,7225,6936,7190,7644,6053,6593,7062,6507,6406
209,5960,5859,5578,5874,6130,7653,7266,6930,7194,7640,6088,6638,7066,6508,6438
210,6019,5901,5608,5904,6174,7679,7273,6933,7226,7672,6115,6668,7124,6552,6465
211,5994,5915,5629,5914,6207,7734,7322,7011,7280,7730,6158,6696,7166,6633,6515
212,6018,5951,5645,5946,6227,7789,7394,7063,7328,7815,6168,6730,7203,6638,6560
213,6083,5984,5691,5969,6248,7843,7432,7102,7411,7828,6221,6783,7244,6657,6587
214,6090,6011,5716,6027,6281,7889,7472,7133,7421,7867,6240,6819,7283,6691,6607
215,6133,6044,5735,6041,6325,7939,7524,7189,7463,7936,6284,6826,7329,6726,6653
216,6165,6065,5775,6075,6361,7994,7573,7257,7505,7982,6295,6867,7356,6760,6669
217,6151,5836,5687,6163,6342,8090,7627,7271,7572,8026,6323,6909,7401,6816,6708
218,6211,5859,5713,6164,6399,8118,7668,7364,7611,8064,6365,6944,7459,6829,6726
219,6208,5897,5723,6174,6423,8117,7699,7360,7660,8092,6403,6992,7454,6860,6798
220,6215,5918,5760,6216,6465,8226,7797,7411,7693,8184,6432,7035,7519,6893,6806
221,6219,5933,5784,6283,6482,8246,7823,7498,7772,8236,6463,7057,7561,6931,6853
222,6307,5975,5809,6287,6491,8296,7904,7539,7825,8292,6499,7102,7598,6953,6879
223,6362,6009,5841,6299,6572,8393,7976,7566,7876,8311,6528,7130,7603,6997,6908
224,6343,6022,5853,6340,6557,8434,7975,7624,7903,8384,6549,7172,7656,7027,6942
225,6474,6157,6005,6496,6815,8460,8031,7637,7949,8408,6596,7202,7714,7077,6966
226,6545,6182,6028,6533,6855,8483,8067,7666,8003,8492,6615,7239,7750,7095,7000
227,6539,6211,6041,6555,6873,8541,8115,7728,8029,8515,6645,7272,7782,7111,7043
228,6612,6242,6069,6580,6873,8570,8138,7801,8096,8573,6684,7306,7826,7190,7056
229,6623,6254,6104,6618,6954,8621,8188,7823,8129,8612,6717,7339,7866,7204,7090
230,6586,6290,6109,6635,6951,8701,8231,7848,8169,8649,6727,7385,7884,7269,7129
231,6616,6328,6150,6688,7020,8714,8280,7919,8187,8717,6780,7401,7923,7269,7185
232,6682,6349,6180,6667,7007,8763,8344,7956,8265,8746,6802,7447,7968,7305,7209
233,7094,6801,6626,7048,7380,8844,8365,8011,8326,8811,6833,7496,8015,7348,7225
234,7073,6812,6626,7059,7445,8853,8434,8068,8359,8883,6861,7522,8061,7390,7272
235,7152,6886,6693,7101,7464,8919,8496,8083,8431,8889,6905,7566,8081,7405,7313
236,7154,6902,6703,7147,7510,9009,8557,8154,8456,8978,6931,7593,8131,7437,7349
237,7185,6920,6745,7188,7523,9065,8610,8170,8489,9033,6967,7648,8171,7469,7373
238,7244,6946,6784,7168,7580,9099,8649,8240,8551,9112,6998,7669,8222,7493,7430
239,7246,6990,6799,7246,7622,9161,8700,8286,8629,9162,7021,7681,8264,7537,7423
240,7332,7031,6835,7295,7669,9207,8760,8326,8664,9190,7068,7732,8278,7580,7491
241,7465,7162,6984,7342,7749,9252,8783,8372,8690,9239,7073,7764,8329,7609,7537
242,7486,7227,7023,7415,7744,9339,8839,8364,8731,9259,7123,7821,8377,7624,7533
243,7568,7244,7050,7469,7775,9336,8895,8480,8799,9336,7149,7863,8412,7685,7576
244,7612,7294,7089,7493,7852,9406,8933,8531,8857,9375,7209,7891,8435,7723,7625
245,7614,7345,7147,7490,7918,9466,8986,8517,8909,9445,7238,7922,8463,7745,7680
246,7648,7373,7180,7548,7936,9532,9047,8667,8991,9520,7278,7942,8524,7785,7701
247,7693,7412,7201,7624,7972,9600,9097,8644,8998,9583,7312,7988,8571,7845,7724
248,7725,7418,7256,7631,7992,9648,9154,8716,9019,9601,7309,8024,8604,7838,7771
249,7600,7267,7067,7641,7985,9697,9203,8764,9109,9669,7372,8069,8669,7917,7786
250,7612,7304,7061,7649,7977,9774,9236,8837,9174,9719,7403,8110,8690,7947,7810
251,7630,7328,7110,7732,8026,9820,9312,8871,9201,9796,7445,8152,8742,7971,7866
252,7727,7340,7147,7772,8045,9880,9338,8929,9223,9839,7478,8186,8769,7990,7910
253,7761,7384,7234,7813,8094,9943,9415,8933,9287,9900,7490,8226,8818,8029,7948
254,7756,7405,7254,7805,8145,9999,9470,9056,9360,9936,7530,8245,8854,8103,8002
255,7801,7484,7376,7854,8137,10057,9543,9058,9421,10049,7573,8302,8917,8098,8028
256,7866,7463,7271,7946,8220,10105,9592,9148,9459,10084,7598,8335,8940,8127,8039
257,8319,8014,7855,8182,8654,10110,9569,9125,9469,10094,7624,8368,8982,8187,8078
258,8006,7683,7492,7947,8411,10168,9612,9184,9523,10121,7693,8424,9032,8236,8159
259,8128,7688,7465,8212,8472,10188,9694,9202,9542,10191,7718,8461,9074,8297,8185
260,8424,8195,8113,8335,8776,10232,9680,9255,9571,10252,7746,8507,9104,8304,8189
261,8507,8243,8118,8372,8774,10272,9739,9262,9642,10277,7807,8555,9162,8332,8270
262,8227,7807,7696,8123,8578,10329,9768,9295,9654,10320,7831,8582,9205,8381,8300
263,8344,7898,7701,8282,8721,10357,9833,9353,9722,10369,7881,8634,9248,8447,8319
264,8562,8268,8146,8529,8902,10386,9856,9394,9775,10402,7922,8680,9289,8476,8390
265,8770,8694,8360,8821,8990,10444,9918,9424,9783,10433,7957,8769,9336,8535,8428
266,8440,8150,8123,8842,8834,10487,9947,9467,9850,10477,8011,8783,9411,8568,8460
267,8518,8263,8052,8671,8979,10537,9974,9477,9851,10531,8030,8832,9437,8622,8509
268,8962,8706,8795,8954,9222,10606,10065,9544,9921,10561,8079,8874,9466,8688,8557
269,8993,8660,8546,9053,9115,10608,10080,9569,9939,10611,8110,8917,9527,8724,8579
270,8774,8270,8420,8865,9124,10656,10090,9625,9967,10692,8155,8949,9580,8732,8652
271,8878,8546,8516,8961,9157,10695,10138,9654,10035,10694,8208,8981,9597,8762,8682
272,9162,9064,8897,9209,9678,10703,10214,9719,10068,10769,8234,9038,9655,8889,8711
273,9248,9153,9097,9447,9864,10756,10208,9752,10131,10775,8314,9083,9679,8888,8764
274,9066,8774,8321,9413,9501,10836,10243,9743,10134,10827,8323,9133,9746,8916,8797
275,9341,8953,8796,9361,9550,10844,10293,9812,10193,10894,8349,9177,9761,8978,8857
276,9414,9410,9282,9567,9808,10883,10355,9873,10258,10924,8431,9235,9847,9006,8908
277,9688,9420,9253,9720,9990,10934,10393,9888,10267,10944,8474,9251,9872,9050,8951
278,9578,8972,8953,9613,9746,10961,10437,9909,10295,11018,8478,9307,9926,9087,8984
279,9541,9111,8846,9523,9868,11027,10469,9971,10346,11066,8543,9351,9962,9132,9040
280,9913,9541,9551,9660,10183,11082,10500,10013,10380,11088,8569,9393,10003,9187,9079
281,10160,9884,9743,10174,10480,11079,10557,10036,10437,11142,8601,9450,10048,9216,9098
282,9853,9418,9335,9930,10225,11179,10610,10097,10483,11176,8640,9497,10112,9269,9211
283,9883,9481,9261,9847,10147,11202,10653,10118,10551,11201,8707,9529,10095,9311,9190
284,10207,9990,9834,10261,10475,11296,10675,10156,10561,11272,8724,9585,10158,9377,9233
285,10203,10038,9857,10152,10599,11297,10767,10217,10640,11334,8780,9629,10216,9415,9308
286,10060,9664,9487,10075,10275,11360,10816,10252,10654,11400,8797,9655,10428,9446,9307
287,9780,9649,9518,10057,10380,11413,10848,10315,10749,11443,8874,9713,10313,9535,9346
288,10397,10210,9912,10325,10674,11375,10889,10234,10638,11478,8890,9686,10271,9437,9404
289,10527,10220,10131,10583,10858,11366,10950,10329,10757,11464,8922,9834,10397,9500,9362
290,10080,9792,9725,10284,10546,11445,10827,10405,10908,11627,8878,9735,10475,9666,9406
291,10319,9921,9773,10381,10676,11553,10932,10399,10899,11525,9011,9838,10447,9660,9515
292,10737,10399,10306,10719,11072,11555,10989,10463,10861,11584,9022,9921,10480,9640,9531
293,10817,10435,10334,10809,11071,11679,11024,10454,10908,11627,9092,9928,10530,9683,9588
294,10498,9804,9886,10558,10772,11641,11031,10490,10895,11645,9071,9989,10576,9748,9618
295,10552,10087,9976,10466,10852,11709,11109,10584,11003,11751,9137,10041,10629,9828,9645
296,10939,10624,10454,10914,11238,11698,11192,10603,11043,11852,9263,10080,10844,9824,9796
297,11010,10764,10590,11141,11577,11791,11218,10669,11037,11861,9255,10196,10793,9921,9730
298,10739,10286,10166,10791,11045,11865,11227,10723,11128,11850,9441,10205,10843,9928,9842
299,10657,10341,10191,10813,11133,11880,11376,10702,11087,12001,9395,10337,10853,9914,9856
300,11014,10823,10619,11129,11531,11856,11355,10853,11192,11916,9307,10271,10823,10292,9855
301,11264,10887,10766,11242,11594,12132,11428,10888,11316,12080,9357,10405,10994,10127,9884
302,10961,10435,10414,10861,11147,12094,11486,10941,11319,12101,9396,10375,11000,10151,9910
303,10958,10565,10254,10980,11203,12204,11535,10851,11284,12180,9484,10391,10932,10134,10011
304,11357,11132,10755,11447,11938,12263,11559,10958,11415,12200,9653,10502,11050,10402,10268
305,11501,11136,11017,11606,12077,12217,11609,11050,11415,12243,9524,10481,11089,10281,10060
306,11132,10776,10626,11207,11581,12253,11577,11030,11446,12162,9607,10608,11114,10406,10115
307,11240,10862,10600,11283,11518,12223,11571,11001,11622,12214,9767,10500,11089,10275,10262
308,11623,11272,11075,11579,12035,12258,11612,11059,11539,12283,9673,10575,11168,10512,10234
309,11640,10920,11118,11566,12069,12297,11758,11145,11573,12307,9779,10590,11229,10379,10215
310,11330,10835,10733,11332,11619,12382,11780,11126,11573,12412,9760,10643,11214,10390,10262
311,11427,10888,10779,11354,11675,12454,11795,11179,11625,12478,9777,10750,11258,10487,10273
312,11662,11387,11180,11752,12392,12520,11904,11252,11732,12471,9859,10704,11360,10452,10360
313,11929,11596,11393,12043,12575,12482,11913,11328,11822,12525,9830,10732,11407,10502,10395
314,11562,11166,10945,11670,11974,12532,11897,11370,11780,12565,9895,10860,11435,10576,10627
315,11647,11149,11048,11718,11989,12584,11955,11415,11835,12675,9910,10823,11477,10649,10519
316,12095,11693,11518,12030,12682,12686,12030,11455,11860,12733,9970,10881,11545,10667,10558
317,12098,11732,11541,12056,12670,12693,12058,11491,11946,12802,10038,10985,11555,10709,10559
318,11739,11283,11096,11814,12174,12761,12167,11506,11983,12830,10087,10942,11658,10741,10615
319,11863,11160,11137,11900,12137,12849,12164,11532,12029,12901,10091,11077,11673,10762,10828
320,12245,11841,11732,12209,12920,12897,12235,11593,12035,12911,10186,11067,11680,10867,10660
321,12357,12054,11887,12383,12987,12918,12255,11660,12126,12956,10159,11132,11739,10860,10775
322,12094,11590,11431,12014,12454,12936,12279,11635,12126,13014,10238,11124,11774,10900,10756
323,12104,11628,11407,12048,12442,13031,12319,11690,12167,13004,10268,11169,11807,10902,10942
324,12513,12184,11951,12437,12991,13037,12360,11719,12212,13105,10315,11221,11857,10952,10864
325,12550,12224,11985,12450,13063,13071,12393,11764,12239,13096,10353,11257,11893,11038,10914
326,12214,11764,11533,12147,12522,13163,12454,11816,12282,13185,10399,11307,11937,11048,10906
327,12245,11826,11575,12234,12610,13156,12503,11866,12334,13198,10415,11356,11985,11147,10963
328,12627,12332,12068,12615,13272,13198,12553,11893,12439,13237,10479,11402,12030,11190,11011
329,12889,12610,12302,12757,13584,13246,12580,11924,12391,13264,10531,11442,12077,11176,11105
330,12515,12128,11916,12390,13001,13278,12631,12008,12445,13332,10552,11495,12135,11232,11148
331,12566,12149,11851,12472,13026,13304,12675,12025,12495,13397,10613,11535,12190,11314,11128
332,13086,12625,12424,12864,13523,13465,12728,12061,12540,13420,10634,11573,12209,11385,11260
333,13069,12743,12450,12866,13627,13508,12831,12104,12581,13465,10677,11642,12295,11402,11279
334,12735,12278,11964,12594,13137,13504,12811,12147,12657,13506,10708,11689,12267,11440,11251
335,12755,12321,12027,12655,13237,13568,12868,12203,12692,13589,10812,11728,12314,11487,11337
336,13121,12860,12548,13021,13833,13587,12920,12254,12727,13611,10800,11788,12381,11554,11415
337,13462,13034,12791,13185,13971,13622,12946,12273,12786,13682,10826,11775,12416,11679,11582
338,13038,12527,12279,12797,13346,13677,13028,12305,12794,13698,10899,11874,12493,11651,11417
339,13136,12580,12315,12832,13385,13696,13046,12388,12845,13747,10912,11894,12489,11655,11540
340,13598,13173,12892,13191,13969,13768,13102,12418,12899,13812,10982,11920,12536,11715,11503
341,13611,13189,12927,13272,14018,13786,13172,12447,12945,13839,10994,11964,12609,11716,11567
342,13285,12697,12442,12987,13491,13854,13209,12502,12987,13911,11040,12179,12623,11816,11620
343,13307,12747,12496,13036,13560,13945,13253,12596,13049,13950,11094,12044,12685,12006,11707
344,13727,13309,13025,13406,14275,13959,13315,12608,13143,14034,11126,12083,12719,11910,11753
345,13932,13488,13237,13643,14468,14002,13358,12648,13143,14045,11165,12117,12786,11981,11733
346,13463,12960,12712,13366,13793,14092,13402,12707,13208,14109,11215,12230,12810,11928,11748
347,13413,12997,12755,13297,13820,14155,13470,12762,13275,14173,11258,12196,12848,12083,12010
348,13997,13569,13364,13746,14490,14197,13516,12801,13290,14238,11276,12253,12897,11989,11857
349,14050,13622,13471,13788,14564,14260,13573,12848,13367,14275,11385,12290,12978,12018,11935
350,13709,13132,12891,13432,13899,14372,13641,12899,13414,14328,11371,12332,13019,12196,11919
351,13717,13177,12941,13438,14011,14377,13698,12943,13478,14399,11403,12525,13029,12239,11969
352,14186,13766,13503,13931,14743,14403,13761,13004,13515,14424,11449,12422,13086,12352,12035
353,14353,13928,13694,14216,14943,14470,13783,13037,13544,14479,11494,12437,13089,12180,12118
354,13981,13397,13189,13766,14283,14504,13839,13075,13591,14555,11552,12494,13143,12326,12177
355,13987,13457,13177,13798,14274,14626,13896,13154,13707,14570,11575,12557,13194,12345,12154
356,14516,14028,13826,14316,14946,14597,13951,13174,13694,14620,11601,12587,13255,12354,12163
357,14562,14077,13863,14326,14959,14651,14029,13210,13828,14679,11655,12601,13368,12419,12280
358,14204,13597,13321,13904,14417,14709,14039,13267,13811,14734,11688,12675,13317,12640,12256
359,14194,13636,13340,13984,14439,14775,14064,13333,13847,14779,11738,12716,13367,12538,12284
360,14670,14203,13966,14440,15226,14808,14136,13385,13910,14842,11758,12748,13402,12490,12384
361,14867,14472,14250,14625,15732,14917,14197,13444,13927,14878,11814,12787,13437,12549,12528
362,14358,13848,13603,14190,15038,14942,14224,13481,14115,14928,11853,12820,13521,12671,12403
363,14412,13891,13644,14248,15070,15031,14281,13510,14039,14989,11879,12872,13519,12625,12461
364,15002,14465,14293,14704,15766,15029,14332,13564,14113,15039,11944,12938,13571,12748,12488
365,15003,14512,14352,14773,15869,15081,14385,13613,14158,15158,12043,12924,13612,12664,12600
366,14629,14023,13777,14355,15163,15155,14459,13673,14224,15154,11994,12976,13660,12722,12606
367,14717,14072,13817,14365,15210,15217,14494,13719,14290,15219,12037,13000,13690,12764,12625
368,15155,14642,14422,14919,16002,15301,14560,13787,14360,15265,12078,13056,13755,12876,12700
369,15388,14818,14660,15154,16600,15330,14582,13815,14365,15319,12153,13126,13786,12890,12687
370,14969,14277,14099,14642,15871,15352,14651,13838,14446,15369,12178,13135,13818,12933,12830
371,14955,14347,14124,14674,16002,15485,14686,13934,14478,15480,12201,13189,13910,12906,12780
372,15536,14945,14823,15257,16632,15500,14751,13983,14526,15481,12238,13221,13911,12953,13006
373,15568,14972,14848,15273,16645,15579,14795,14168,14602,15535,12314,13299,13950,13142,12959
374,15191,14460,14252,14864,16077,15619,14858,14114,14685,15593,12319,13312,14012,13047,12949
375,15252,14496,14291,14926,16070,15679,14908,14123,14684,15663,12365,13341,14061,13180,12976
376,15631,15106,14912,15383,16874,15753,14965,14191,14739,15716,12413,13395,14096,13148,12980
377,15959,15376,15132,16051,17369,15769,15014,14228,14795,15754,12446,13403,14141,13279,13010
378,15458,14772,14558,15579,16621,15859,15090,14290,14838,15836,12472,13474,14171,13233,13116
379,15409,14770,14580,15690,16677,15925,15135,14331,14906,15877,12520,13483,14217,13313,13164
380,15996,15462,15268,16222,17393,15974,15205,14397,14942,15935,12569,13546,14290,13411,13154
381,16092,15493,15331,16286,17447,16048,15253,14439,15019,15987,12584,13569,14320,13362,13186
382,15693,14962,14722,15826,16792,16109,15289,14480,15094,16064,12618,13623,14325,13387,13230
383,15734,15019,14773,15831,16882,16160,15347,14539,15128,16128,12663,13668,14381,13550,13273
384,16246,15663,15409,16357,17698,16228,15395,14592,15178,16181,12711,13703,14409,13427,13329
385,16484,15921,15681,17023,17928,16243,15431,14620,15207,16210,12746,13751,14467,13572,13398
386,16062,15274,15048,16480,17166,16289,15480,14650,15249,16250,12799,13774,14522,13602,13406
387,16068,15321,15081,16515,17273,16365,15521,14700,15306,16320,12826,13808,14538,13839,13528
388,16499,15964,15813,17152,17991,16370,15569,14751,15345,16354,12881,13901,14587,13743,13438
389,16630,15995,15933,17149,17983,16428,15618,14779,15394,16413,12937,13907,14622,13769,13492
390,16194,15517,15233,16688,17410,16509,15679,14843,15444,16525,12925,13943,14672,13790,13585
391,16225,15546,15265,16728,17419,16557,15740,14878,15494,16534,12976,13972,14725,13715,13572
392,16747,16185,15933,17329,18271,16584,15769,14928,15535,16565,13012,14023,14770,13748,13759
393,17074,16446,16212,17743,18441,16615,15807,14966,15576,16627,13074,14073,14859,13929,13770
394,16496,15846,15516,17066,17667,16669,15942,15013,15701,16674,13084,14100,14859,13846,13804
395,16570,15823,15556,17055,17722,16719,15900,15071,15692,16726,13108,14136,14888,13856,13710
396,17073,16546,16311,17716,18476,16792,16056,15112,15782,16780,13190,14179,14978,13954,13777
397,17192,16509,16344,17760,18502,16888,15997,15158,15784,16843,13243,14206,14992,14085,13820
398,16656,15932,15708,17332,17857,16869,16066,15283,15838,16880,13228,14257,15037,14049,13832
399,16792,15990,15736,17252,17938,16963,16116,15323,15913,16963,13284,14284,15066,14021,13954
400,17326,16730,16473,17984,18764,17006,16152,15349,15935,17054,13313,14359,15122,14233,14111
401,17666,17027,16709,18202,19041,17079,16191,15327,16000,17032,13335,14359,15175,14129,14102
402,17162,16288,16009,17573,18224,17058,16250,15425,16054,17114,13405,14407,15194,14289,13991
403,17033,16357,16064,17598,18285,17109,16288,15451,16087,17145,13429,14474,15251,14332,14105
404,17597,17058,16862,18202,19082,17176,16363,15498,16148,17211,13527,14485,15277,14375,14231
405,17694,17103,16960,18317,19067,17234,16395,15528,16219,17257,13499,14557,15364,14249,14161
406,17210,16466,16172,17734,18388,17284,16456,15605,16234,17306,13572,14580,15384,14449,14170
407,17278,16496,16242,17781,18582,17355,16538,15642,16323,17373,13629,14601,15388,14379,14321
408,18007,17357,16996,18555,19363,17404,16565,15696,16347,17424,13616,14693,15462,14530,14280
409,18143,17657,17285,18708,19498,17486,16620,15739,16392,17501,13655,14706,15671,14511,14278
410,17335,16823,16544,18087,18709,17530,16659,15824,16453,17535,13710,14752,15562,14566,14315
411,17501,16857,16564,18094,18742,17594,16725,15875,16522,17669,13765,14761,15598,14650,14479
412,18233,17642,17403,18742,19584,17629,16865,15896,16548,17738,13812,14837,15611,14525,14439
413,18334,17694,17443,18929,19503,17701,16829,15936,16693,17717,13822,14853,15688,14590,14581
414,17785,16996,16696,18309,18871,17759,16970,15997,16687,17777,14041,14890,15763,14670,14555
415,17869,17040,16788,18301,18946,17830,16935,16043,16749,17841,13895,14959,15750,14776,14554
416,18425,17964,17599,19014,19777,17849,17024,16088,16778,17946,13922,14973,15784,14883,14682
417,18705,18227,17817,19217,20075,17916,17029,16140,16841,17934,13967,15010,15873,14789,14729
418,17700,17390,17052,18634,19230,17961,17124,16136,16875,18020,14001,15091,15957,14857,14705
419,18168,17449,17074,18644,19279,18025,17126,16222,16934,18121,14046,15090,15948,14814,14682
420,18599,18217,17964,19380,20071,18045,17234,16290,17022,18114,14127,15237,15985,14869,14954
421,18677,18264,18000,19456,20123,18137,17232,16316,17039,18165,14122,15188,16030,15193,14753
422,18350,17563,17203,18873,19513,18157,17284,16379,17108,18209,14195,15257,16068,14945,14803
423,18480,17597,17234,18868,19494,18249,17346,16466,17159,18270,14236,15292,16134,14956,14854
424,18850,18511,18109,19546,20416,18278,17407,16523,17181,18328,14246,15323,16165,15010,15026
425,19164,18796,18427,19794,20722,18328,17450,16551,17263,18453,14299,15349,16205,15055,15098
426,18671,17981,17587,19188,19868,18397,17504,16606,17349,18440,14296,15422,16214,15359,15286
427,18775,18007,17621,19160,19994,18433,17568,16643,17357,18508,14384,15437,16296,15298,15003
428,19132,18728,18514,19863,20748,18517,17620,16705,17427,18557,14386,15452,16503,15277,15022
429,19289,18782,18549,19979,20768,18614,17703,16833,17547,18629,14405,15719,16376,15379,15107
430,18862,18142,17767,19336,20160,18626,17733,16809,17525,18705,14498,15531,16442,15308,15084
431,18764,18184,17840,19356,20085,18704,17827,16859,17675,18744,14529,15584,16695,15351,15154
432,19391,19123,18673,20127,21047,18757,17879,16978,17662,18794,14513,15607,16482,15373,15170
433,19761,19367,18914,20443,21275,18782,17906,16959,17706,18850,14588,15633,16522,15376,15220
434,19011,18516,18119,19679,20380,18884,17979,16982,17762,18924,14684,15700,16575,15534,15416
435,19193,18580,18219,19745,20406,18939,18009,17057,17818,18970,14630,15747,16651,15597,15306
436,19861,19374,19059,20559,21263,18962,18105,17191,17878,19027,14688,15778,16654,15496,15314
437,20070,19434,19110,20567,21312,19035,18129,17168,17934,19118,14707,15810,16729,15695,15440
438,19431,18771,18269,19943,20568,19109,18182,17234,18000,19148,14754,15857,16762,15573,15462
439,19321,18714,18312,19939,20608,19177,18324,17285,18055,19227,14791,15900,16843,15582,15460
440,19980,19700,19256,20736,21602,19239,18312,17355,18122,19267,14815,15973,16963,15669,15495
441,20464,19961,19460,21166,21864,19300,18369,17432,18170,19355,14904,15981,16898,15853,15539
442,19645,19064,18650,20286,20969,19344,18439,17469,18224,19406,15172,16015,16963,16123,15647
443,19901,19099,18697,20289,21007,19553,18505,17507,18290,19462,14919,16072,16956,15749,15688
444,20292,19942,19556,21121,21882,19502,18538,17576,18307,19523,14978,16086,17045,15779,15756
445,20436,20025,19636,21149,21884,19553,18604,17630,18396,19573,15062,16130,17077,15843,15808
446,19904,19247,18817,20355,21154,19650,18661,17679,18486,19637,15236,16228,17143,15923,15758
447,19688,19304,18861,20432,21145,19695,18744,17738,18505,19709,15107,16233,17147,16085,15903
448,20619,20278,19757,21364,22236,19735,18798,17796,18566,19788,15149,16458,17196,15952,15933
449,20797,20532,20022,21696,22406,19788,18887,17812,18601,19825,15170,16340,17282,15983,15943
450,20445,19650,19175,20700,21500,19851,18940,17838,18653,19900,15209,16342,17269,16131,15938
451,20549,19707,19235,20770,21563,19897,18984,17923,18695,19928,15225,16401,17367,16252,16053
452,20911,20529,20102,21773,22428,19915,19042,18001,18760,20005,15284,16459,17383,16205,15944
453,20823,20586,20167,21991,22458,19996,19016,18009,18821,20055,15313,16660,17425,16155,16115
454,20272,19831,19393,20926,21677,20045,19094,18075,18872,20097,15365,16509,17470,16220,16058
455,20482,19882,19426,20952,21754,20110,19143,18114,18944,20163,15385,16614,17494,16286,16280
456,21325,20872,20310,21889,22779,20163,19195,18182,18978,20219,15618,16600,17549,16478,16191
457,21563,21143,20527,22412,23076,20258,19232,18218,19021,20279,15527,16647,17604,16492,16139
458,20964,20198,19716,21354,22048,20252,19287,18287,19071,20368,15517,16669,17620,16504,16212
459,20633,20257,19743,21373,22070,20353,19343,18328,19169,20393,15579,16719,17664,16653,16323
460,21305,20993,20609,22384,23129,20394,19402,18400,19202,20452,15589,16741,17697,16486,16256
461,21674,21043,20730,22671,23073,20547,19456,18434,19301,20516,15612,16811,17789,16660,16285
462,21258,20395,19853,21565,22273,20521,19582,18512,19304,20563,15662,16844,17836,16697,16323
463,20653,20394,19908,21630,22311,20570,19570,18537,19352,20639,15704,16940,17854,16521,16374
464,21789,21461,20840,22702,23449,20611,19635,18607,19407,20702,15799,16930,17907,16608,16470
465,22043,21766,21148,23065,23663,20693,19700,18710,19483,20757,15776,16973,17917,16653,16457
466,21554,20804,20363,21850,22659,20727,19801,18646,19530,20813,15809,16985,18031,16702,16663
467,20984,20823,20322,21931,22704,20812,19788,18785,19563,20891,15854,17239,18027,16777,16510
468,22130,21885,21307,23333,23570,20881,19919,18854,19720,21029,15933,17143,18083,16891,16737
469,22191,21804,21291,23149,23747,20935,19989,18875,19755,21003,15979,17137,18176,17028,16763
470,21652,21065,20473,22239,22906,21131,20031,18919,19797,21217,16026,17154,18209,17001,16765
471,21741,21090,20545,22212,22963,21190,20193,19052,19884,21180,16060,17253,18262,17028,16830
472,22164,22150,21478,23286,24050,21201,20161,19137,19932,21236,16100,17278,18296,17199,16792
473,22824,22373,21868,23779,24462,21233,20270,19149,20029,21336,16299,17316,18352,16963,16882
474,21658,21372,20845,22579,23347,21324,20344,19210,19998,21369,16180,17324,18374,17144,17138
475,22252,21405,20916,22559,23395,21360,20278,19286,20083,21410,16216,17424,18424,17275,16913
476,22695,22263,21881,23868,24385,21462,20439,19318,20135,21495,16244,17574,18485,17073,16990
477,22824,22287,21863,23897,24544,21485,20434,19316,20272,21586,16270,17523,18553,17137,17093
478,22290,21485,20967,22657,23501,21591,20478,19375,20216,21607,16247,17479,18683,17132,17136
479,21892,21545,21023,22677,23546,21593,20539,19435,20293,21635,16323,17522,18583,17319,17242
480,22805,22662,22109,23881,24733,21656,20585,19479,20353,21706,16341,17595,18612,17340,17042
481,22993,23004,22292,24175,24967,21713,20691,19525,20385,21765,16398,17680,18735,17237,17087
482,22527,22002,21326,23104,23801,21786,20759,19521,20526,21957,16443,17693,18738,17507,17175
483,22132,22146,21362,23185,23920,21887,20789,19710,20484,21944,16449,17798,18792,17407,17250
484,23316,23171,22435,24442,25002,21975,20874,19725,20628,22062,16546,17777,18841,17542,17321
485,23511,23271,22477,24620,25136,21960,20913,19780,20622,22040,16526,17851,18862,17573,17855
486,22818,22252,21483,23314,24080,22007,21029,19832,20726,22115,16653,17887,19107,17450,17434
487,22819,22275,21509,23399,24108,22140,21020,19884,20805,22171,16714,17876,19014,17691,17457
488,23524,23541,22643,24686,25291,22156,21228,19928,20858,22239,16671,17957,19016,17719,17433
489,23749,23591,23059,25142,25642,22248,21137,20015,20883,22370,16738,17986,19023,17712,17521
490,22541,22529,21884,23717,24458,22325,21210,20024,20960,22412,16798,18026,19120,17614,17535
491,23182,22534,21936,23826,24529,22357,21257,20072,21014,22442,16819,18050,19312,17912,17572
492,23914,23610,23066,25028,25689,22483,21266,20171,21075,22411,16837,18090,19178,17894,17653
493,23962,23582,23130,25160,25701,22496,21321,20241,21069,22480,16901,18222,19148,17815,17639
494,23076,22666,22161,23831,24581,22614,21464,20309,21156,22614,16943,18195,19422,17975,17740
495,23329,22752,22186,23960,24788,22605,21552,20419,21265,22703,16997,18259,19320,18110,17657
496,24202,23958,23375,25432,26045,22757,21611,20354,21248,22700,17002,18273,19338,17894,17771
497,24490,24853,23553,25721,26349,22712,21643,20393,21303,22778,16998,18279,19360,18034,17881
498,23681,23295,22488,24339,25138,22757,21654,20462,21408,22842,17056,18360,19441,18161,17789
499,23547,23463,22511,24478,25217,22874,21747,20651,21480,22877,17173,18415,19504,18093,17922
500,24546,24760,23756,25886,26387,22995,21777,20642,21559,22949,17176,18406,19513,18087,17949
