n,Find (Cache SIMD),Insert,Insert (Cache),Heap,Tournament Tree 2,State Machine (Compiled)
3,4,1,1,1,2,1
4,5,2,2,2,3,2
5,7,3,3,3,5,3
6,8,4,4,5,6,5
7,10,5,4,7,8,0
8,11,6,5,8,10,0
9,12,7,6,9,12,0
10,13,9,7,10,14,0
11,15,9,8,12,16,0
12,16,11,9,14,17,0
13,18,12,10,16,20,0
14,20,13,12,19,22,0
15,21,14,13,21,24,0
16,23,15,14,22,25,0
17,25,17,15,23,28,0
18,26,19,16,25,31,0
19,27,21,18,28,34,0
20,29,23,20,29,36,0
21,30,25,20,31,39,0
22,32,27,22,34,41,0
23,34,29,23,36,42,0
24,36,31,25,38,44,0
25,39,33,27,40,47,0
26,40,35,28,44,50,0
27,41,36,30,46,52,0
28,43,38,31,49,54,0
29,45,41,33,51,56,0
30,46,43,35,55,58,0
31,48,45,37,57,60,0
32,50,47,39,59,62,0
33,52,49,40,60,65,0
34,54,51,42,63,69,0
35,55,53,45,65,72,0
36,56,56,46,66,75,0
37,58,57,49,69,78,0
38,60,59,50,71,81,0
39,62,62,52,73,84,0
40,64,64,55,76,87,0
41,65,67,57,78,91,0
42,67,68,59,81,94,0
43,68,71,62,84,96,0
44,70,73,63,87,98,0
45,72,75,66,89,100,0
46,74,78,68,93,103,0
47,76,82,71,97,105,0
48,77,82,73,99,107,0
49,81,87,76,101,110,0
50,82,88,79,104,112,0
51,84,92,81,108,116,0
52,86,94,83,111,117,0
53,87,97,86,114,121,0
54,90,99,89,118,123,0
55,91,103,92,122,125,0
56,93,105,94,125,127,0
57,99,108,97,128,130,0
58,100,110,101,132,133,0
59,101,113,103,136,136,0
60,105,115,106,140,137,0
61,104,119,109,143,140,0
62,107,121,112,147,142,0
63,109,123,115,151,144,0
64,111,126,118,153,147,0
65,116,129,122,155,151,0
66,117,132,124,157,154,0
67,119,134,128,160,158,0
68,121,136,131,163,162,0
69,123,140,135,165,165,0
70,125,142,138,168,170,0
71,127,146,141,171,173,0
72,129,149,203,174,177,0
73,132,151,148,175,180,0
74,133,155,151,179,184,0
75,135,158,155,182,188,0
76,137,161,159,186,191,0
77,139,164,162,188,195,0
78,141,167,166,192,198,0
79,144,170,169,195,203,0
80,147,174,177,199,209,0
81,149,177,178,201,208,0
82,151,179,183,205,215,0
83,155,187,188,209,217,0
84,154,188,189,211,219,0
85,156,191,193,214,222,0
86,158,196,198,221,225,0
87,162,196,201,224,229,0
88,163,199,207,225,230,0
89,171,202,209,229,232,0
90,173,208,212,232,235,0
91,174,268,217,236,237,0
92,177,214,222,241,240,0
93,179,217,225,245,244,0
94,181,221,230,248,245,0
95,183,224,234,253,248,0
96,187,230,238,258,253,0
97,191,234,245,260,254,0
98,193,236,247,261,257,0
99,195,241,251,266,261,0
100,200,247,258,271,268,0
101,202,253,264,276,271,0
102,205,257,270,278,276,0
103,203,255,275,279,274,0
104,207,263,274,287,279,0
105,206,265,282,287,281,0
106,208,261,287,290,286,0
107,214,274,289,298,291,0
108,215,281,297,303,294,0
109,215,282,302,306,297,0
110,218,282,303,310,299,0
111,218,288,310,312,299,0
112,221,291,313,315,302,0
113,225,296,318,318,305,0
114,229,299,324,325,311,0
115,231,304,329,326,313,0
116,231,309,336,331,315,0
117,236,343,339,337,321,0
118,236,319,343,340,323,0
119,238,324,348,344,324,0
120,240,326,355,349,326,0
121,249,330,360,354,332,0
122,253,332,366,360,335,0
123,253,342,379,362,337,0
124,255,348,380,374,338,0
125,257,332,382,370,341,0
126,261,353,388,378,344,0
127,265,355,393,380,348,0
128,267,361,401,385,352,0
129,275,365,405,386,354,0
130,276,367,412,390,362,0
131,279,379,415,392,362,0
132,282,382,422,400,373,0
133,283,387,430,398,371,0
134,285,391,435,402,375,0
135,288,400,449,408,380,0
136,290,403,450,410,383,0
137,290,407,453,423,387,0
138,292,411,457,414,391,0
139,294,417,463,419,396,0
140,297,424,470,423,400,0
141,299,431,490,426,460,0
142,302,435,496,430,408,0
143,303,437,490,433,412,0
144,305,443,496,438,416,0
145,318,447,502,438,419,0
146,323,454,512,442,425,0
147,323,460,515,447,429,0
148,330,464,521,451,432,0
149,333,476,536,458,443,0
150,332,483,541,463,446,0
151,332,482,540,461,444,0
152,336,493,555,471,455,0
153,355,491,554,468,452,0
154,356,497,561,471,456,0
155,360,502,568,476,461,0
156,362,507,575,479,465,0
157,365,513,582,483,523,0
158,368,523,595,489,473,0
159,375,525,598,493,483,0
160,372,534,611,495,479,0
161,390,535,611,500,484,0
162,390,543,618,502,489,0
163,392,548,624,505,492,0
164,396,553,633,510,497,0
165,399,559,679,513,511,0
166,402,565,656,519,505,0
167,405,571,657,522,508,0
168,407,576,664,524,511,0
169,398,581,670,529,516,0
170,399,591,677,533,519,0
171,401,587,686,545,522,0
172,405,602,746,543,529,0
173,409,606,698,545,530,0
174,411,612,709,552,534,0
175,415,619,715,556,539,0
176,416,626,724,562,541,0
177,430,632,731,565,544,0
178,439,648,750,578,557,0
179,441,644,756,574,554,0
180,437,653,769,578,556,0
181,440,657,762,580,560,0
182,452,663,772,594,577,0
183,447,671,778,594,564,0
184,448,676,794,601,568,0
185,483,682,794,601,572,0
186,485,688,802,604,574,0
187,496,694,811,611,582,0
188,489,700,819,612,578,0
189,491,711,822,616,581,0
190,504,717,831,693,594,0
191,498,718,846,628,589,0
192,500,724,849,630,590,0
193,533,733,860,644,609,0
194,521,737,865,636,598,0
195,523,743,871,641,601,0
196,527,750,936,644,605,0
197,530,757,887,647,608,0
198,532,763,895,652,613,0
199,536,772,915,657,616,0
200,539,775,913,659,621,0
201,571,784,922,663,624,0
202,526,790,929,674,627,0
203,528,797,939,672,632,0
204,530,805,947,676,638,0
205,534,812,956,680,638,0
206,536,820,964,685,645,0
207,539,825,1038,691,647,0
208,545,832,989,695,651,0
209,557,841,997,701,661,0
210,558,858,1020,705,660,0
211,574,853,1009,706,670,0
212,563,834,1026,710,665,0
213,565,865,1028,715,668,0
214,570,875,1039,720,675,0
215,574,889,1051,726,677,0
216,636,890,1057,732,680,0
217,611,925,1072,748,692,0
218,615,908,1087,738,686,0
219,619,914,1081,744,689,0
220,621,918,1091,750,695,0
221,625,927,1109,754,698,0
222,630,939,1117,761,703,0
223,635,950,1124,773,708,0
224,632,963,1156,780,709,0
225,659,982,1164,792,725,0
226,655,976,1175,780,720,0
227,665,1000,1174,792,727,0
228,670,995,1203,796,736,0
229,677,959,1198,804,733,0
230,667,1010,1206,807,742,0
231,670,1033,1227,808,744,0
232,685,1029,1216,821,749,0
233,664,1028,1242,811,745,0
234,663,1033,1277,816,747,0
235,675,1046,1244,829,759,0
236,678,1062,1277,836,763,0
237,680,1069,1284,841,761,0
238,683,1124,1282,845,767,0
239,685,1076,1291,843,773,0
240,688,1083,1301,850,774,0
241,719,1092,1320,859,778,0
242,724,1104,1323,873,785,0
243,721,1109,1332,867,782,0
244,734,1126,1350,875,799,0
245,729,1127,1361,877,789,0
246,738,1143,1377,892,806,0
247,740,1155,1388,889,807,0
248,748,1157,1395,905,809,0
249,770,1172,1408,896,807,0
250,774,1222,1407,906,811,0
251,778,1180,1426,905,819,0
252,781,1184,1425,909,815,0
253,783,1189,1440,913,821,0
254,792,1211,1456,932,828,0
255,795,1218,1473,930,828,0
256,798,1226,1480,942,835,0
257,779,1240,1492,946,844,0
258,817,1227,1494,932,834,0
259,833,1236,1509,934,839,0
260,789,1246,1524,938,844,0
261,794,1254,1536,941,846,0
262,827,1263,1604,946,851,0
263,836,1272,1557,950,856,0
264,812,1279,1566,952,861,0
265,831,1290,1582,961,867,0
266,876,1298,1593,961,870,0
267,876,1308,1603,966,875,0
268,838,1317,1614,969,879,0
269,849,1325,1629,973,885,0
270,882,1335,1639,977,889,0
271,882,1344,1648,982,893,0
272,858,1404,1661,985,897,0
273,871,1362,1679,988,903,0
274,910,1372,1684,993,906,0
275,918,1382,1694,1065,912,0
276,881,1389,1710,1001,916,0
277,886,1399,1722,1005,921,0
278,921,1409,1734,1014,982,0
279,922,1419,1745,1014,929,0
280,897,1436,1757,1018,933,0
281,973,1440,1768,1023,940,0
282,961,1449,1780,1027,943,0
283,967,1458,1789,1034,946,0
284,920,1468,1803,1035,953,0
285,924,1478,1875,1041,956,0
286,963,1487,1828,1044,967,0
287,967,1498,1838,1051,967,0
288,939,1507,1861,1052,970,0
289,959,1473,1862,1038,971,0
290,1004,1457,1870,1007,973,0
291,1012,1443,1929,1011,976,0
292,960,1415,1893,1052,979,0
293,961,1386,1905,978,980,0
294,1001,1408,1916,988,985,0
295,1001,1405,1927,1042,988,0
296,967,1427,1939,1014,999,0
297,980,1455,1950,1036,1001,0
298,1037,1473,1963,1041,1054,0
299,1043,1484,1974,1046,1009,0
300,989,1495,1985,1053,1015,0
301,993,1500,2001,1055,1075,0
302,1037,1514,2013,1060,1027,0
303,1042,1524,2027,1066,1026,0
304,1011,1517,2039,1133,1031,0
305,1031,1544,2050,1073,1036,0
306,1087,1551,2062,1078,1039,0
307,1088,1616,2076,1082,1045,0
308,1040,1574,2089,1087,1048,0
309,1046,1583,2104,1092,1053,0
310,1090,1596,2169,1097,1058,0
311,1100,1604,2126,1103,1066,0
312,1059,1614,2142,1109,1065,0
313,1090,1625,2202,1110,1070,0
314,1140,1634,2166,1118,1075,0
315,1196,1644,2179,1121,1080,0
316,1096,1655,2194,1126,1084,0
317,1101,1665,2207,1132,1093,0
318,1145,1732,2220,1135,1094,0
319,1154,1686,2235,1193,1099,0
320,1116,1694,2244,1145,1102,0
321,1124,1705,2257,1148,1104,0
322,1174,1715,2272,1152,1110,0
323,1178,1723,2284,1156,1115,0
324,1175,1740,2301,1163,1119,0
325,1133,1749,2312,1165,1124,0
326,1182,1761,2325,1170,1129,0
327,1184,1759,2397,1176,1139,0
328,1149,1781,2353,1179,1137,0
329,1167,1793,2375,1238,1142,0
330,1219,1800,2379,1188,1147,0
331,1226,1809,2393,1206,1154,0
332,1174,1823,2435,1199,1161,0
333,1179,1835,2420,1206,1162,0
334,1222,1844,2432,1207,1224,0
335,1228,1855,2444,1213,1166,0
336,1193,1867,2459,1219,1172,0
337,1209,1856,2532,1221,1176,0
338,1258,1885,2486,1227,1181,0
339,1259,1896,2502,1233,1244,0
340,1218,1911,2514,1236,1188,0
341,1279,1922,2529,1240,1193,0
342,1265,1932,2541,1246,1197,0
343,1267,1942,2557,1251,1203,0
344,1234,2007,2570,1257,1204,0
345,1251,1966,2585,1260,1210,0
346,1302,1979,2596,1268,1272,0
347,1317,1988,2611,1272,1217,0
348,1260,2000,2626,1280,1221,0
349,1262,2011,2641,1283,1224,0
350,1306,2024,2655,1289,1229,0
351,1310,2094,2669,1295,1233,0
352,1278,2046,2682,1300,1240,0
353,1302,2057,2696,1306,1242,0
354,1348,2065,2712,1308,1247,0
355,1352,2078,2724,1313,1251,0
356,1306,2090,2739,1319,1256,0
357,1309,2102,2755,1323,1259,0
358,1356,2114,2814,1329,1262,0
359,1357,2125,2781,1334,1266,0
360,1323,2182,2798,1340,1269,0
361,1347,2150,2814,1349,1275,0
362,1400,2161,2826,1415,1280,0
363,1405,2172,2841,1355,1284,0
364,1405,2186,2860,1362,1291,0
365,1383,2198,2870,1364,1291,0
366,1404,2207,2920,1370,1295,0
367,1408,2221,2900,1377,1299,0
368,1373,2230,2917,1383,1303,0
369,1389,2242,2987,1386,1307,0
370,1446,2254,2944,1391,1315,0
371,1451,2322,2959,1396,1314,0
372,1397,2276,2975,1405,1319,0
373,1399,2304,2989,1429,1323,0
374,1455,2306,3004,1413,1331,0
375,1458,2319,3019,1477,1335,0
376,1416,2330,3036,1424,1338,0
377,1435,2344,3050,1430,1385,0
378,1498,2209,3068,1441,1346,0
379,1556,2367,3080,1443,1349,0
380,1440,2336,3098,1447,1353,0
381,1445,2392,3111,1452,1408,0
382,1503,2405,3126,1458,1361,0
383,1505,2419,3142,1464,1409,0
384,1461,2433,3160,1468,1366,0
385,1539,2442,3174,1473,1373,0
386,1551,2461,3187,1475,1378,0
387,1554,2453,3205,1483,1440,0
388,1489,2481,3220,1486,1390,0
389,1492,2495,3243,1544,1391,0
390,1560,2508,3251,1502,1397,0
391,1563,2575,3270,1501,1400,0
392,1507,2534,3283,1507,1403,0
393,1530,2606,3297,1510,1407,0
394,1609,2563,3314,1516,1410,0
395,1612,2573,3373,1521,1413,0
396,1538,2575,3348,1527,1418,0
397,1543,2596,3414,1532,1421,0
398,1614,2613,3380,1549,1448,0
399,1619,2627,3394,1541,1434,0
400,1556,2641,3411,1547,1437,0
401,1589,2653,3425,1551,1441,0
402,1731,2665,3441,1556,1445,0
403,1675,2679,3457,1561,1449,0
404,1596,2692,3475,1616,1452,0
405,1601,2705,3491,1574,1455,0
406,1678,2775,3507,1578,1466,0
407,1687,2708,3542,1591,1467,0
408,1616,2745,3538,1589,1472,0
409,1640,2760,3556,1596,1473,0
410,1735,2775,3574,1597,1479,0
411,1738,2789,3589,1604,1480,0
412,1647,2778,3609,1610,1487,0
413,1654,2813,3683,1616,1489,0
414,1798,2828,3640,1622,1493,0
415,1742,2843,3654,1626,1502,0
416,1671,2860,3674,1683,1505,0
417,1692,2871,3696,1636,1505,0
418,1790,2895,3705,1653,1516,0
419,1796,2898,3721,1647,1517,0
420,1699,2911,3740,1709,1517,0
421,1707,2926,3757,1658,1522,0
422,1797,2949,3773,1663,1527,0
423,1802,2955,3794,1683,1531,0
424,1719,2969,3808,1674,1535,0
425,1751,2951,3824,1680,1577,0
426,1854,3005,3841,1685,1542,0
427,1857,3011,3918,1693,1549,0
428,1759,3026,3875,1698,1551,0
429,1761,3040,3892,1713,1558,0
430,1854,3111,3914,1709,1563,0
431,1860,3073,3926,1716,1569,0
432,1777,3081,4005,1721,1570,0
433,1881,3099,3963,1728,1574,0
434,1913,3113,3981,1739,1578,0
435,1918,3129,3997,1740,1584,0
436,1822,3148,4016,1744,1585,0
437,1826,3157,4087,1749,1588,0
438,1979,3170,4050,1758,1597,0
439,1927,3191,4068,1762,1599,0
440,1842,3191,4087,1768,1602,0
441,1872,3218,4104,1773,1604,0
442,1972,3233,4118,1779,1610,0
443,1982,3305,4139,1790,1614,0
444,1881,3262,4161,1792,1616,0
445,1887,3278,4174,1798,1619,0
446,1976,3294,4190,1851,1628,0
447,1981,3302,4209,1813,1632,0
448,1901,3326,4285,1815,1633,0
449,1976,3397,4246,1820,1641,0
450,2084,3358,4260,1825,1641,0
451,2092,3371,4332,1830,1650,0
452,1984,3390,4298,1874,1649,0
453,1988,3405,4320,1842,1653,0
454,2097,3419,4392,1847,1660,0
455,2103,3434,4352,1911,1661,0
456,2005,3450,4375,1859,1665,0
457,2061,3467,4390,1864,1673,0
458,2171,3496,4406,1889,1680,0
459,2230,3498,4430,1875,1683,0
460,2072,3519,4463,1880,1688,0
461,2078,3538,4473,1889,1688,0
462,2176,3551,4489,1893,1693,0
463,2182,3562,4505,1900,1756,0
464,2093,3620,4520,1921,1703,0
465,2128,3612,4540,1927,1707,0
466,2236,3609,4555,1916,1710,0
467,2238,3686,4574,1922,1715,0
468,2195,3610,4599,1928,1718,0
469,2141,3648,4610,1937,1718,0
470,2244,3733,4632,1938,1723,0
471,2249,3681,4649,1999,1729,0
472,2156,3690,4671,1952,1732,0
473,2138,3724,4713,1957,1739,0
474,2249,3801,4707,1964,1739,0
475,2258,3755,4728,1973,1772,0
476,2156,3774,4749,1977,1747,0
477,2156,3786,4804,1982,1756,0
478,2248,3867,4786,1995,1757,0
479,2300,3825,4803,1997,1759,0
480,2174,3835,4819,2003,1762,0
481,2129,3853,4871,2006,1770,0
482,2227,3916,4858,2013,1775,0
483,2284,3884,4884,2018,1775,0
484,2141,3904,4900,2025,1780,0
485,2146,3922,4971,2029,1789,0
486,2229,3925,4935,2035,1792,0
487,2235,3952,4956,2048,1811,0
488,2160,3970,4976,2048,1800,0
489,2178,3981,4990,2052,1800,0
490,2312,3996,5015,2059,1805,0
491,2288,4019,5031,2065,1812,0
492,2191,4036,5112,2072,1813,0
493,2194,4108,5075,2077,1815,0
494,2338,4076,5104,2085,1824,0
495,2283,4088,5112,2089,1830,0
496,2209,4105,5199,2096,1829,0
497,2232,4173,5155,2103,1833,0
498,2334,4126,5174,2111,1899,0
499,2339,4140,5191,2112,1844,0
500,2244,4175,5272,2119,1849,0
