n,Find (O1),Find (O2),Find (O3),Find (Os),Find (Oz),Insert Cache (O1),Insert Cache (O2),Insert Cache (O3),Insert Cache (Os),Insert Cache (Oz),Heap Cache (O1),Heap Cache (O2),Heap Cache (O3),Heap Cache (Os),Heap Cache (Oz),Tournament Tree (O1),Tournament Tree (O2),Tournament Tree (O3),Tournament Tree (Os),Tournament Tree (Oz)
3,39,39,34,42,41,16,16,16,16,16,21,22,22,22,22,17,23,23,22,22
4,55,54,49,58,57,23,24,24,23,24,30,29,29,29,30,30,38,39,37,36
5,69,70,62,73,72,31,32,32,32,32,40,38,38,39,39,45,53,56,52,53
6,84,84,77,88,89,40,40,40,39,39,55,52,104,53,53,53,68,71,63,62
7,100,99,91,104,106,49,49,49,47,46,73,68,69,70,69,73,88,94,84,84
8,121,121,108,121,125,58,59,58,57,57,84,77,78,80,79,85,102,108,101,98
9,131,136,126,137,141,67,69,69,67,66,96,89,90,92,92,108,127,137,123,122
10,146,149,140,153,158,78,78,78,77,78,112,105,105,108,108,126,148,162,145,143
11,161,165,154,167,168,86,88,88,87,87,131,121,124,126,127,145,170,184,163,162
12,176,181,169,183,184,96,99,99,98,98,147,138,138,141,143,155,180,199,174,174
13,192,197,184,199,200,107,111,109,108,108,166,157,159,161,163,178,211,224,234,200
14,208,213,199,214,217,120,122,122,120,120,189,178,178,182,181,192,229,243,217,215
15,223,231,215,228,233,130,133,133,132,132,210,199,202,206,205,206,247,263,234,232
16,239,253,230,246,252,143,145,145,144,144,222,213,212,216,220,220,263,287,249,246
17,279,261,246,265,260,157,160,160,154,155,234,228,231,230,232,253,294,312,278,276
18,286,268,263,283,280,170,168,169,167,168,290,242,243,252,255,276,328,347,313,304
19,303,285,274,296,289,181,182,182,179,177,272,263,266,269,271,304,356,373,338,334
20,321,327,288,310,306,195,196,197,193,191,289,281,280,286,290,329,374,399,362,359
21,341,317,303,330,326,211,213,212,206,212,312,301,303,312,309,357,401,423,397,385
22,355,331,318,348,337,224,225,224,220,222,332,330,324,329,331,372,418,443,408,404
23,374,349,333,359,353,237,239,239,234,236,355,345,407,356,355,387,433,463,428,420
24,397,368,352,377,375,255,253,253,251,251,372,362,360,370,374,401,449,480,439,434
25,399,377,366,392,386,268,269,268,265,267,391,380,386,389,392,425,475,510,464,459
26,408,389,377,463,399,283,285,285,279,287,417,409,403,415,415,443,501,532,485,479
27,428,405,392,420,417,300,301,302,295,299,468,433,434,440,443,461,521,553,504,499
28,442,419,407,435,431,316,318,317,314,318,463,453,452,464,465,476,538,574,524,516
29,457,443,427,456,458,334,343,337,339,337,500,474,480,493,492,495,570,606,543,544
30,476,451,436,468,463,351,352,359,348,360,515,505,504,518,520,510,578,618,569,555
31,493,467,451,488,482,372,370,371,368,377,544,529,536,548,546,527,598,642,591,577
32,515,486,465,502,499,390,387,389,385,397,561,545,545,558,563,544,618,664,601,594
33,520,565,490,525,519,406,408,409,404,414,571,557,569,571,578,578,653,700,642,628
34,531,514,503,541,535,427,425,428,423,434,592,584,580,592,599,608,699,735,673,665
35,544,529,517,557,552,443,446,445,442,453,611,604,607,612,622,641,721,775,708,702
36,562,545,532,575,569,462,467,468,466,482,629,624,620,632,642,673,752,809,741,731
37,581,621,549,592,585,485,485,486,485,505,651,648,655,653,665,710,787,848,777,771
38,600,578,563,609,604,507,507,507,507,523,679,684,664,678,689,745,823,883,809,799
39,618,598,578,628,622,527,529,527,532,547,706,713,702,702,717,778,850,914,840,827
40,695,611,602,649,640,554,547,547,546,571,718,723,704,725,744,797,879,944,871,852
41,677,651,638,695,671,567,571,569,567,595,739,739,734,740,755,832,908,983,903,887
42,690,661,650,759,684,588,590,590,593,619,764,769,755,768,786,863,941,1014,930,913
43,708,686,666,732,704,609,614,614,611,639,790,796,789,797,812,886,963,1046,954,941
44,722,696,685,746,720,630,634,635,633,663,818,829,861,822,834,909,983,1069,974,964
45,743,736,700,780,747,652,658,657,658,706,840,843,832,860,857,935,1006,1097,1005,983
46,762,729,718,786,754,675,682,682,677,712,871,885,855,879,892,947,1028,1127,1005,1004
47,783,750,739,803,773,700,706,706,701,735,900,903,891,907,917,977,1049,1151,1079,1027
48,800,768,767,827,803,722,730,730,736,763,939,940,915,928,939,1003,1070,1182,1050,1062
49,852,814,805,864,834,746,753,756,756,787,940,954,938,953,959,1024,1099,1208,1084,1080
50,865,828,854,876,840,768,779,781,777,813,969,976,946,974,988,1049,1127,1238,1105,1104
51,882,845,837,893,858,791,805,805,799,839,993,994,991,999,1018,1073,1152,1269,1127,1127
52,899,862,910,908,881,816,835,833,826,867,1041,1031,1000,1030,1052,1102,1177,1296,1152,1154
53,917,882,866,939,891,839,859,860,875,901,1050,1052,1039,1055,1078,1126,1202,1329,1191,1177
54,936,899,886,944,908,867,886,884,877,925,1135,1094,1056,1091,1124,1146,1228,1371,1201,1191
55,958,917,903,964,927,890,913,913,906,953,1109,1116,1104,1120,1142,1164,1251,1382,1281,1227
56,980,934,925,977,945,917,950,942,931,1037,1133,1142,1113,1145,1170,1185,1273,1411,1240,1239
57,1000,1009,948,992,974,944,969,969,960,1012,1159,1174,1172,1173,1197,1215,1301,1441,1269,1267
58,1072,987,958,1001,987,968,1014,1002,987,1047,1189,1208,1180,1207,1228,1242,1325,1469,1286,1286
59,1031,990,978,1024,1010,994,1026,1023,1020,1085,1230,1229,1253,1243,1262,1273,1347,1497,1311,1309
60,1048,1017,992,1040,1024,1019,1060,1058,1045,1112,1259,1279,1234,1272,1352,1306,1371,1524,1341,1332
61,1062,1021,1007,1056,1039,1048,1091,1091,1082,1124,1282,1292,1279,1301,1329,1319,1395,1550,1356,1363
62,1081,1044,1024,1071,1058,1075,1117,1117,1100,1158,1316,1326,1296,1342,1356,1345,1420,1580,1394,1386
63,1097,1055,1045,1089,1075,1102,1148,1150,1137,1191,1348,1352,1338,1370,1387,1371,1440,1605,1406,1408
64,1122,1082,1062,1109,1095,1133,1186,1186,1174,1252,1370,1374,1345,1388,1411,1395,1465,1654,1424,1443
65,1165,1116,1101,1155,1184,1155,1209,1209,1199,1289,1382,1390,1378,1413,1426,1430,1505,1671,1463,1509
66,1174,1126,1116,1169,1149,1187,1240,1241,1229,1319,1410,1428,1392,1429,1453,1525,1542,1703,1503,1551
67,1190,1142,1132,1184,1165,1274,1273,1274,1262,1360,1428,1438,1429,1450,1476,1503,1580,1745,1540,1589
68,1211,1212,1149,1263,1183,1244,1307,1304,1296,1385,1451,1475,1434,1474,1504,1535,1622,1785,1577,1629
69,1229,1178,1169,1245,1199,1271,1340,1338,1328,1426,1489,1489,1486,1495,1522,1572,1656,1820,1611,1665
70,1252,1198,1187,1238,1221,1305,1379,1374,1364,1484,1541,1561,1492,1554,1561,1611,1699,1863,1648,1696
71,1268,1214,1199,1257,1236,1336,1411,1408,1394,1497,1528,1540,1538,1552,1579,1634,1731,1960,1688,1743
72,1284,1236,1222,1326,1257,1364,1439,1499,1432,1529,1555,1587,1534,1599,1602,1684,1767,1936,1718,1765
73,1373,1312,1289,1344,1328,1393,1477,1475,1469,1571,1571,1583,1581,1592,1622,1732,1805,1973,1765,1793
74,1387,1345,1326,1343,1322,1431,1510,1507,1563,1610,1616,1635,1592,1629,1663,1730,1854,2009,1799,1839
75,1408,1344,1325,1358,1355,1453,1545,1548,1534,1656,1625,1641,1698,1650,1680,1762,1900,2043,1835,1864
76,1424,1359,1339,1381,1359,1493,1641,1586,1571,1682,1713,1690,1637,1679,1711,1800,1915,2080,1868,1903
77,1453,1379,1355,1402,1379,1536,1614,1617,1615,1712,1689,1696,1684,1696,1731,1825,1957,2113,1906,1926
78,1474,1394,1372,1414,1397,1554,1663,1696,1638,1829,1732,1751,1692,1747,1774,1900,1985,2151,1930,1958
79,1489,1418,1392,1432,1423,1581,1687,1732,1676,1794,1799,1766,1740,1758,1802,1889,2020,2178,1960,1984
80,1507,1490,1409,1447,1424,1621,1726,1727,1725,1831,1758,1795,1737,1780,1813,1917,2103,2212,1988,2017
81,1552,1499,1453,1494,1478,1649,1763,1766,1763,1872,1775,1808,1792,1798,1839,1953,2082,2247,2021,2046
82,1590,1522,1495,1535,1531,1711,1836,1841,1823,1940,1860,1891,1818,1903,1909,2029,2148,2325,2088,2118
83,1586,1540,1498,1528,1546,1738,1838,1839,1857,1979,1851,1864,1866,1905,1926,2016,2184,2366,2157,2159
84,1626,1553,1534,1572,1545,1778,1887,1886,1901,2014,1907,1936,1865,1918,1959,2066,2217,2383,2138,2174
85,1652,1588,1548,1604,1573,1812,1953,1953,1941,2068,1929,1946,1937,1943,1985,2102,2249,2427,2172,2208
86,1679,1603,1573,1610,1593,1874,1992,1991,2009,2112,1954,2001,1946,1983,2030,2129,2302,2460,2198,2241
87,1693,1625,1585,1629,1613,1880,2033,2033,2021,2153,1984,2024,2009,2016,2048,2157,2303,2491,2224,2265
88,1709,1652,1603,1640,1633,1925,2094,2075,2060,2182,2012,2053,1994,2050,2077,2183,2328,2521,2250,2291
89,1741,1650,1628,1677,1639,1964,2113,2111,2097,2226,2017,2072,2055,2077,2095,2209,2342,2551,2289,2313
90,1755,1646,1656,1690,1667,1966,2142,2145,2138,2276,2073,2105,2051,2103,2124,2222,2362,2574,2302,2341
91,1759,1666,1659,1712,1665,2014,2213,2171,2176,2317,2089,2108,2109,2129,2174,2236,2397,2614,2308,2373
92,1790,1689,1680,1722,1693,2057,2231,2230,2220,2391,2118,2196,2120,2192,2169,2277,2413,2637,2349,2384
93,1818,1702,1710,1753,1718,2085,2273,2276,2281,2416,2169,2197,2178,2189,2203,2303,2465,2668,2371,2421
94,1832,1717,1712,1762,1727,2131,2317,2317,2305,2456,2195,2240,2170,2239,2235,2327,2480,2682,2385,2442
95,1854,1738,1730,1762,1738,2232,2357,2417,2335,2487,2214,2255,2244,2262,2270,2351,2505,2731,2393,2473
96,1870,1754,1742,1790,1766,2193,2380,2398,2385,2530,2235,2279,2205,2283,2295,2367,2511,2746,2416,2488
97,1914,1819,1793,1845,1816,2243,2442,2437,2427,2589,2267,2376,2272,2288,2307,2399,2543,2784,2452,2525
98,1920,1837,1808,1855,1825,2288,2468,2471,2464,2625,2281,2348,2270,2315,2337,2420,2590,2811,2476,2540
99,1949,1855,1825,1877,1850,2302,2537,2534,2520,2663,2308,2358,2352,2332,2362,2464,2622,2852,2494,2584
100,1961,1855,1836,1896,1868,2364,2611,2572,2558,2723,2345,2393,2336,2379,2394,2488,2640,2943,2546,2611
101,1981,1882,1863,1903,1888,2406,2611,2617,2597,2756,2363,2415,2418,2393,2429,2513,2704,2940,2560,2646
102,2014,1914,1888,1935,1948,2449,2658,2689,2649,2807,2398,2478,2406,2441,2471,2536,2710,2951,2606,2725
103,2041,1923,1903,1939,1920,2526,2714,2776,2708,2863,2427,2482,2482,2523,2504,2575,2746,2999,2632,2704
104,2054,1957,1919,1963,1940,2518,2751,2764,2734,2895,2458,2508,2439,2493,2529,2596,2783,3046,2658,2739
105,2184,2048,2009,2045,2042,2554,2811,2820,2790,2956,2530,2535,2547,2532,2549,2625,2811,3067,2682,2749
106,2185,2067,2023,2057,2044,2679,2851,2840,2844,3018,2533,2604,2535,2559,2600,2651,2852,3105,2707,2784
107,2207,2083,2057,2101,2073,2658,2895,2895,2908,3044,2554,2594,2598,2589,2615,2669,2864,3124,2739,2816
108,2215,2105,2062,2096,2092,2685,2963,2947,2936,3100,2586,2641,2583,2620,2657,2709,2885,3150,2755,2844
109,2249,2122,2080,2126,2109,2726,2986,2991,2989,3152,2624,2658,2651,2663,2690,2731,2935,3189,2782,2880
110,2256,2155,2086,2139,2123,2786,3045,3044,3039,3204,2651,2719,2668,2695,2725,2772,2959,3241,2807,2903
111,2287,2181,2117,2158,2142,2814,3095,3099,3087,3275,2714,2747,2730,2745,2749,2783,2990,3275,2833,2945
112,2302,2187,2144,2180,2178,2884,3151,3154,3127,3306,2735,2771,2700,2775,2803,2813,3003,3290,2865,2957
113,2424,2288,2213,2280,2268,2913,3211,3200,3195,3384,2760,2794,2799,2785,2832,2838,3054,3339,2906,2981
114,2446,2311,2255,2285,2271,2950,3241,3249,3253,3402,2799,2862,2791,2830,2851,2863,3097,3367,2897,3018
115,2468,2324,2252,2301,2306,2998,3284,3310,3290,3471,2820,2854,2858,2861,2892,2890,3110,3408,2940,3067
116,2484,2351,2285,2373,2315,3031,3349,3396,3341,3507,2838,2880,2837,2883,2934,2917,3155,3485,2979,3082
117,2497,2370,2297,2355,2383,3075,3459,3416,3403,3580,2903,2943,2902,2937,2945,2935,3168,3511,2988,3104
118,2532,2390,2325,2379,2382,3133,3457,3465,3444,3623,2915,2985,2920,2956,2980,2987,3203,3532,3017,3148
119,2563,2431,2342,2398,2390,3169,3508,3515,3503,3696,2967,3001,2991,3003,3041,3010,3226,3543,3044,3173
120,2590,2444,2369,2419,2400,3229,3571,3562,3552,3738,2998,3035,2981,3033,3062,3035,3256,3567,3087,3213
121,2562,2399,2362,2450,2456,3273,3625,3619,3600,3800,3034,3075,3034,3083,3096,3057,3307,3596,3098,3243
122,2574,2426,2363,2472,2466,3319,3669,3677,3656,3874,3068,3101,3059,3122,3142,3107,3339,3664,3140,3271
123,2611,2455,2403,2494,2515,3374,3724,3737,3712,3899,3114,3141,3129,3152,3200,3144,3375,3699,3171,3306
124,2650,2514,2440,2539,2550,3427,3797,3785,3783,3985,3127,3187,3135,3196,3217,3165,3418,3739,3215,3354
125,2692,2517,2481,2577,2598,3449,3846,3842,3821,4042,3173,3202,3200,3243,3252,3217,3446,3780,3239,3394
126,2703,2544,2486,2584,2619,3529,3910,3909,3897,4077,3224,3251,3218,3272,3306,3243,3473,3816,3269,3433
127,2739,2573,2522,2600,2644,3553,3971,3965,3957,4146,3260,3281,3262,3308,3327,3268,3499,3856,3294,3444
128,2758,2604,2537,2630,2667,3619,4036,4033,4005,4213,3277,3313,3258,3344,3357,3304,3546,3891,3307,3487
129,2842,2650,2623,2747,2751,3668,4064,4072,4049,4252,3292,3333,3323,3347,3395,3316,3584,3932,3347,3530
130,2850,2670,2628,2781,2782,3736,4140,4132,4120,4313,3334,3357,3316,3397,3409,3358,3607,3972,3396,3552
131,2889,2689,2660,2806,2799,3781,4195,4205,4183,4383,3364,3405,3376,3408,3452,3409,3652,4007,3443,3598
132,2906,2716,2668,2820,2820,3845,4261,4270,4254,4444,3381,3426,3363,3440,3477,3445,3702,4062,3481,3638
133,2925,2725,2698,2815,2823,3860,4318,4306,4303,4500,3402,3452,3434,3459,3520,3473,3753,4083,3500,3675
134,2949,2766,2712,2863,2863,3930,4381,4364,4367,4570,3435,3506,3453,3512,3546,3504,3776,4136,3560,3704
135,2964,2793,2733,2878,2887,3960,4463,4446,4408,4627,3469,3533,3516,3516,3586,3548,3822,4176,3580,3756
136,2985,2817,2744,2899,2913,4046,4508,4498,4489,4692,3500,3521,3469,3569,3611,3586,3878,4220,3617,3786
137,3196,3005,2921,3105,3041,4067,4556,4547,4552,4759,3514,3560,3571,3575,3627,3607,3903,4251,3671,3823
138,3197,3024,2965,3128,3057,4139,4613,4623,4617,4809,3542,3598,3556,3612,3658,3652,3965,4279,3719,3853
139,3231,3056,2977,3180,3104,4197,4708,4698,4659,4868,3584,3612,3642,3648,3711,3697,3999,4342,3777,3896
140,3252,3086,2994,3185,3112,4278,4760,4724,4738,4946,3610,3671,3625,3688,3721,3714,4034,4374,3791,3934
141,3262,3088,3030,3214,3121,4281,4792,4811,4781,5008,3628,3677,3707,3704,3746,3749,4058,4401,3853,3984
142,3284,3129,3055,3227,3154,4344,4873,4888,4851,5069,3672,3730,3682,3732,3769,3763,4113,4428,3893,4023
143,3327,3122,3057,3252,3185,4412,4904,4911,4927,5141,3706,3812,3763,3769,3803,3833,4152,4512,3906,4058
144,3347,3157,3071,3292,3211,4474,4993,5006,4975,5204,3731,3763,3735,3811,3847,3866,4181,4518,3965,4084
145,3408,3200,3139,3379,3335,4503,5048,5052,5032,5271,3743,3793,3834,3812,3858,3913,4235,4555,3997,4114
146,3411,3225,3167,3398,3298,4589,5107,5126,5102,5331,3772,3848,3823,3865,3981,3924,4266,4611,4055,4181
147,3528,3252,3173,3437,3331,4624,5196,5199,5152,5413,3805,3874,3902,3952,3925,3997,4314,4697,4103,4210
148,3488,3281,3200,3438,3330,4725,5258,5228,5218,5455,3825,3899,3843,3912,3969,4018,4352,4681,4125,4249
149,3500,3314,3277,3459,3363,4742,5314,5335,5291,5505,3866,3926,3971,4005,3986,4054,4416,4800,4167,4270
150,3503,3308,3247,3488,3396,4823,5360,5364,5348,5572,3938,3974,3940,4046,4043,4087,4429,4771,4216,4311
151,3538,3331,3263,3527,3402,4859,5431,5445,5415,5662,3921,3997,4020,4013,4060,4129,4470,4825,4255,4344
152,3556,3351,3303,3546,3495,4948,5485,5514,5507,5717,3957,4032,3977,4027,4098,4143,4534,4826,4313,4416
153,3594,3379,3305,3624,3487,5027,5586,5566,5543,5796,3992,4104,4116,4063,4104,4202,4552,4867,4334,4442
154,3582,3415,3349,3640,3520,5035,5642,5626,5609,5844,4028,4106,4082,4128,4220,4252,4594,4941,4366,4486
155,3654,3428,3354,3672,3542,5079,5721,5723,5683,5942,4062,4120,4170,4141,4197,4274,4635,4980,4395,4511
156,3660,3445,3393,3703,3570,5183,5772,5777,5761,5999,4094,4174,4130,4177,4231,4308,4672,5012,4443,4560
157,3722,3469,3398,3690,3594,5244,5865,5842,5851,6074,4120,4191,4251,4222,4257,4365,4712,5053,4506,4613
158,3693,3494,3409,3726,3613,5289,5891,5907,5932,6127,4158,4267,4217,4247,4280,4395,4731,5076,4532,4684
159,3723,3517,3447,3753,3640,5369,5995,5976,5943,6198,4186,4236,4313,4285,4321,4412,4787,5135,4578,4655
160,3736,3554,3472,3807,3683,5401,6114,6043,6021,6290,4206,4277,4236,4309,4347,4425,4878,5154,4612,4707
161,3878,3665,3578,3840,3805,5485,6122,6125,6140,6342,4247,4300,4400,4358,4366,4486,4871,5212,4630,4739
162,3897,3710,3603,3858,3820,5526,6195,6258,6190,6446,4282,4347,4324,4372,4415,4538,4908,5228,4751,4795
163,3869,3735,3620,3908,3857,5634,6286,6269,6340,6502,4312,4388,4463,4410,4461,4588,4973,5276,4773,4813
164,3959,3763,3655,3935,3871,5693,6401,6367,6327,6587,4348,4426,4432,4460,4491,4614,5006,5316,4891,5007
165,3994,3771,3689,3937,3895,5761,6416,6415,6391,6723,4347,4444,4532,4468,4512,4650,5024,5360,4924,5030
166,4052,3814,3730,3977,3933,5823,6492,6482,6510,6723,4409,4519,4506,4507,4570,4682,5052,5421,4857,4998
167,4040,3845,3744,4003,3970,5903,6593,6555,6552,6832,4453,4519,4614,4555,4598,4727,5159,5467,4897,4977
168,4062,3871,3768,4044,4015,5998,6636,6647,6631,6905,4468,4538,4522,4609,4628,4740,5162,5452,4941,5022
169,4255,4089,3983,4215,4170,6046,6731,6714,6713,7019,4525,4693,4685,4644,4677,4772,5195,5540,4992,5052
170,4256,4135,3996,4235,4185,6125,6848,6802,6804,7121,4538,4657,4675,4660,4717,4828,5229,5574,5006,5098
171,4311,4185,4017,4258,4260,6183,6900,6878,6866,7165,4573,4644,4772,4692,4795,4873,5298,5627,5065,5135
172,4328,4222,4065,4298,4245,6243,7013,6960,6949,7253,4623,4723,4700,4749,4773,4893,5289,5628,5059,5171
173,4362,4225,4119,4334,4274,6332,7059,7047,7044,7317,4638,4813,4814,4783,4871,4905,5336,5661,5112,5189
174,4379,4267,4095,4370,4281,6431,7175,7107,7098,7398,4690,4835,4787,4830,4872,4954,5382,5741,5139,5231
175,4430,4281,4130,4368,4351,6479,7192,7194,7200,7502,4709,4795,4877,4845,4873,4997,5391,5734,5183,5251
176,4473,4315,4157,4417,4367,6573,7342,7286,7257,7585,4760,4843,4843,4884,4976,5027,5433,5796,5204,5321
177,4651,4489,4337,4566,4553,6697,7372,7362,7376,7694,4801,4870,5032,4915,4975,5051,5483,5848,5249,5361
178,4722,4509,4345,4579,4607,6688,7458,7470,7416,7720,4817,4946,4923,4956,4990,5068,5562,5909,5275,5350
179,4722,4550,4394,4609,4585,6738,7546,7558,7563,7802,4827,5008,5045,5011,5028,5135,5539,5905,5311,5395
180,4754,4593,4407,4637,4628,6854,7605,7688,7587,7878,4941,4983,5034,5034,5073,5153,5587,5972,5321,5455
181,4781,4605,4444,4647,4647,6923,7674,7778,7720,7932,4901,4996,5117,5069,5107,5203,5591,6044,5329,5495
182,4804,4641,4445,4689,4670,7072,7762,7783,7732,8115,4962,5089,5103,5104,5149,5202,5620,6026,5360,5558
183,4844,4659,4483,4707,4697,7088,7866,7853,7910,8091,4984,5096,5192,5164,5182,5260,5679,6051,5405,5536
184,4891,4666,4518,4734,4720,7136,7930,7930,7956,8179,5049,5148,5136,5181,5262,5268,5716,6119,5418,5597
185,4815,4599,4397,4701,4764,7228,8017,8030,7979,8286,5044,5163,5256,5220,5256,5290,5739,6132,5473,5651
186,4777,4578,4403,4742,4745,7283,8087,8132,8053,8383,5110,5252,5236,5264,5292,5348,5764,6178,5494,5653
187,4777,4594,4457,4778,4791,7341,8178,8177,8128,8475,5134,5233,5328,5328,5393,5368,5801,6231,5523,5685
188,4825,4619,4472,4815,4845,7453,8242,8247,8228,8540,5169,5303,5288,5385,5345,5408,5883,6334,5557,5703
189,4818,4656,4494,4828,4850,7505,8321,8326,8292,8610,5240,5339,5385,5379,5395,5423,5916,6274,5588,5725
190,4882,4675,4512,4846,4871,7581,8432,8405,8394,8701,5234,5369,5364,5448,5423,5459,5904,6362,5603,5764
191,4853,4698,4544,4853,4872,7675,8549,8535,8486,8800,5271,5359,5436,5485,5465,5494,5940,6365,5629,5790
192,4914,4724,4575,4917,4911,7680,8688,8623,8558,8918,5315,5414,5395,5481,5539,5559,5949,6459,5651,5837
193,5122,4922,4723,5051,5008,7831,8718,8696,8650,9004,5343,5430,5506,5518,5527,5606,5982,6442,5678,5926
194,5202,4936,4731,5072,5037,7946,8786,8771,8708,9058,5399,5478,5514,5542,5585,5607,6029,6469,5723,5952
195,5166,4987,4769,5102,5059,8049,8845,8819,8812,9201,5448,5495,5615,5608,5603,5604,6069,6522,5741,5938
196,5207,4986,4766,5137,5098,8052,8930,8897,8895,9231,5477,5547,5533,5621,5639,5633,6110,6577,5764,5967
197,5236,5018,4773,5148,5116,8118,9022,8995,8985,9311,5433,5593,5690,5646,5651,5690,6144,6606,5825,6035
198,5258,5105,4906,5200,5175,8187,9104,9106,9077,9392,5493,5649,5658,5675,5724,5735,6182,6640,5841,6038
199,5268,5050,4855,5229,5191,8352,9160,9140,9151,9460,5534,5642,5749,5701,5778,5740,6239,6671,5841,6054
200,5309,5108,4941,5209,5187,8361,9229,9306,9214,9514,5569,5689,5677,5751,5765,5767,6266,6690,5901,6093
201,5765,5458,5271,5499,5546,8510,9343,9296,9351,9642,5574,5710,5840,5783,5787,5796,6278,6761,5937,6176
202,5726,5504,5271,5514,5630,8496,9415,9469,9377,9696,5611,5783,5795,5820,5835,5837,6333,6786,5939,6174
203,5781,5520,5300,5578,5598,8552,9510,9501,9477,9804,5643,5769,5904,5838,5876,5872,6356,6832,5998,6189
204,5815,5546,5322,5596,5630,8686,9611,9608,9584,9926,5721,5840,5873,5879,5916,5904,6398,6925,6035,6234
205,5824,5573,5349,5591,5621,8785,9671,9709,9657,9990,5708,5868,6036,5912,5964,5956,6461,6899,6044,6296
206,5881,5605,5375,5616,5685,8828,9790,9780,9751,10108,5814,5980,5942,5944,5988,5987,6498,6984,6096,6302
207,5870,5631,5467,5651,5717,8947,9973,9865,9836,10145,5785,5926,6040,6011,6026,6000,6530,7013,6102,6377
208,5932,5711,5456,5710,5754,9002,9965,10051,9982,10277,5853,5958,5976,6015,6105,6050,6560,7046,6185,6375
209,6016,5897,5616,5878,5947,9093,10092,10173,10013,10377,5845,6060,6125,6044,6057,6085,6650,7124,6204,6445
210,6073,5922,5647,5903,5992,9242,10245,10198,10120,10416,5906,6043,6062,6071,6122,6100,6626,7117,6265,6430
211,6097,5961,5716,5944,6020,9301,10180,10226,10223,10533,5928,6039,6193,6128,6188,6223,6684,7141,6260,6474
212,6118,5973,5682,5986,6039,9364,10311,10294,10255,10617,5981,6103,6154,6167,6204,6146,6730,7213,6288,6525
213,6148,5999,5697,6011,6067,9436,10421,10381,10429,10723,5996,6186,6295,6227,6210,6201,6733,7223,6299,6549
214,6237,6032,5771,6014,6098,9471,10558,10486,10446,10804,6034,6197,6300,6215,6263,6224,6778,7284,6333,6591
215,6275,6072,5776,6022,6180,9591,10619,10576,10545,10875,6039,6206,6389,6272,6357,6290,6816,7321,6344,6595
216,6246,6103,5813,6081,6171,9680,10696,10658,10652,11008,6115,6246,6337,6315,6338,6307,6840,7332,6377,6631
217,6179,5835,5667,6127,6185,9753,10751,10752,10783,11118,6118,6293,6429,6351,6361,6333,6861,7411,6430,6745
218,6165,5887,5706,6197,6132,9913,10863,10844,10813,11198,6178,6377,6387,6387,6428,6430,6898,7420,6479,6766
219,6158,5878,5768,6154,6168,9981,10976,10957,10921,11281,6223,6364,6507,6416,6445,6383,6957,7445,6559,6734
220,6216,5922,5795,6245,6185,9994,11020,11002,11052,11380,6261,6379,6430,6485,6487,6433,6974,7486,6495,6770
221,6215,5941,5770,6232,6236,10179,11142,11158,11125,11475,6280,6455,6553,6497,6529,6442,7045,7541,6537,6861
222,6273,5954,5784,6277,6299,10193,11233,11250,11217,11545,6325,6504,6526,6529,6634,6474,7036,7578,6575,6854
223,6283,6023,5799,6345,6279,10249,11365,11370,11288,11695,6344,6537,6598,6609,6609,6496,7093,7639,6600,6860
224,6340,6037,5856,6295,6320,10386,11456,11485,11391,11790,6411,6560,6534,6617,6659,6567,7136,7643,6610,6947
225,6491,6262,5991,6472,6519,10438,11505,11492,11480,11844,6442,6644,6694,6629,6684,6590,7176,7666,6725,6941
226,6531,6212,6038,6465,6592,10637,11630,11641,11644,11926,6467,6639,6679,6695,6699,6607,7178,7706,6684,7030
227,6557,6240,6043,6527,6587,10748,11728,11780,11699,12017,6524,6621,6787,6698,6744,6607,7231,7850,6739,7036
228,6583,6341,6087,6540,6605,10712,11833,11837,11776,12173,6506,6762,6722,6807,6798,6673,7317,7815,6762,7057
229,6616,6360,6105,6596,6657,10833,11941,11957,11912,12309,6561,6727,6886,6782,6827,6728,7326,7868,6801,7068
230,6730,6361,6140,6612,6668,10929,12029,12019,11972,12366,6615,6820,6816,6833,6848,6727,7337,7877,6832,7088
231,6737,6343,6172,6643,6689,11014,12121,12121,12112,12413,6677,6777,6960,6864,6958,6764,7388,7914,6847,7151
232,6735,6388,6213,6692,6716,11081,12222,12262,12147,12528,6686,6864,6858,6947,6927,6801,7468,7953,6893,7187
233,6962,6745,6543,7013,7059,11265,12301,12287,12262,12689,6726,6904,7006,6904,6961,6836,7438,8072,6888,7223
234,7011,6733,6583,7021,7100,11327,12384,12406,12364,12817,6749,6950,6986,6946,6983,6858,7455,8066,6949,7270
235,7009,6831,6605,6990,7103,11411,12506,12528,12479,12849,6766,6921,7070,7007,7051,6872,7517,8127,6975,7274
236,7071,6801,6628,7059,7184,11551,12584,12611,12575,12951,6829,6998,7016,7044,7068,6930,7556,8095,7011,7303
237,7113,6830,6671,7097,7206,11581,12792,12696,12736,13032,6931,7011,7128,7154,7111,6970,7578,8143,7065,7392
238,7155,6885,6692,7122,7259,11663,12820,12877,12810,13201,6927,7067,7125,7162,7175,7043,7634,8210,7073,7400
239,7155,6902,6747,7156,7280,11838,12917,12917,12887,13230,6994,7131,7234,7204,7261,7004,7661,8239,7098,7435
240,7216,6939,6780,7180,7306,11890,12981,13007,13012,13332,6986,7204,7140,7225,7241,7044,7711,8257,7130,7478
241,7475,7173,6943,7346,7414,11987,13186,13133,13129,13454,7062,7194,7330,7246,7251,7092,7754,8327,7159,7484
242,7475,7225,6992,7398,7464,12077,13217,13183,13233,13546,7053,7265,7250,7322,7298,7123,7759,8348,7185,7569
243,7525,7231,7058,7404,7483,12205,13289,13283,13319,13735,7057,7296,7371,7323,7358,7159,7828,8409,7227,7547
244,7554,7274,7120,7466,7551,12232,13419,13429,13423,13756,7096,7283,7347,7391,7420,7192,7879,8429,7238,7586
245,7580,7322,7120,7479,7577,12381,13514,13603,13529,13919,7173,7301,7438,7485,7454,7258,7847,8440,7336,7639
246,7639,7356,7218,7599,7611,12574,13660,13639,13590,14059,7226,7393,7410,7480,7484,7246,7914,8550,7306,7638
247,7662,7424,7142,7555,7647,12640,13728,13789,13736,14112,7226,7424,7520,7569,7544,7296,7938,8553,7400,7735
248,7735,7416,7213,7613,7692,12717,13939,13852,13865,14242,7263,7478,7481,7599,7621,7320,7996,8628,7395,7794
249,7562,7266,7084,7593,7687,12755,13985,14047,13980,14416,7346,7502,7629,7585,7629,7340,8026,8677,7391,7786
250,7589,7338,7100,7628,7631,12941,14089,14111,14096,14448,7383,7518,7580,7627,7646,7353,8050,8645,7430,7879
251,7578,7347,7090,7662,7708,13034,14203,14180,14145,14575,7349,7598,7656,7706,7683,7450,8071,8703,7459,7836
252,7656,7395,7208,7708,7737,13111,14349,14314,14337,14643,7434,7613,7666,7742,7744,7442,8199,8751,7523,7864
253,7722,7427,7178,7758,7803,13231,14405,14444,14398,14811,7478,7668,7737,7741,7794,7466,8161,8814,7515,7916
254,7787,7438,7232,7787,7873,13366,14555,14582,14515,14908,7522,7763,7766,7806,7798,7528,8215,8858,7585,7957
255,7753,7458,7279,7851,7914,13449,14760,14652,14657,15082,7550,7744,7810,7836,7889,7556,8242,8882,7587,7963
256,7858,7534,7340,7876,7920,13563,14841,14791,14847,15147,7589,7781,7768,7906,7892,7577,8280,8933,7644,8015
257,8349,8168,7850,8299,8306,13649,14925,14939,14911,15320,7571,7827,7897,7918,7915,7637,8336,8961,7659,8078
258,8063,7718,7578,8081,8026,13785,14953,15024,15111,15377,7618,7833,7878,7958,7960,7657,8383,8976,7715,8117
259,8159,7828,7665,8256,8047,13922,15110,15151,15152,15476,7635,7897,7990,8006,8011,7710,8410,9031,7755,8131
260,8490,8231,8118,8394,8405,14263,15231,15258,15387,15716,7695,7903,7968,8021,8014,7737,8470,9107,7811,8183
261,8532,8258,8174,8486,8420,14156,15527,15680,15267,15769,7679,7957,8066,8057,8065,7793,8497,9139,7868,8206
262,8421,7954,7703,8241,8237,14195,15501,15553,15647,15906,7775,8024,8056,8087,8107,7811,8539,9197,7937,8285
263,8423,8056,7935,8366,8298,14640,15652,15761,15746,16064,7796,7994,8139,8128,8170,7866,8630,9191,7979,8306
264,8624,8385,8297,8674,8709,14640,15821,15732,15860,16293,7801,8061,8100,8151,8169,7920,8669,9283,8014,8357
265,8804,8752,8654,8843,8760,14948,16063,16186,16079,16533,7822,8087,8197,8185,8210,7927,8687,9331,8055,8397
266,8528,8238,8097,8928,8650,15113,16274,16170,15990,16560,7854,8132,8189,8209,8242,7953,8724,9418,8126,8437
267,8877,8405,8158,8791,8789,15115,16394,16306,16242,16650,7868,8170,8267,8254,8346,8092,8839,9422,8166,8489
268,9082,8752,8460,8957,9046,15086,16456,16569,16405,16628,7913,8219,8266,8313,8369,8075,8834,9467,8212,8552
269,9242,8885,8590,9055,8931,15311,16617,16552,16568,17075,7926,8267,8446,8353,8333,8089,8926,9469,8348,8540
270,9094,8730,8479,8973,8761,15557,16864,16877,16912,17188,7940,8307,8330,8362,8443,8133,8943,9540,8342,8597
271,9032,8636,8352,9043,9058,15761,16890,16934,16652,17210,7972,8300,8453,8358,8433,8187,8951,9598,8335,8640
272,9295,8808,9087,9448,9390,15787,16966,17199,16960,17276,8050,8345,8429,8397,8432,8223,8987,9621,8372,8691
273,9551,9478,9206,9582,9623,15997,17336,17308,17295,17509,8073,8424,8549,8424,8452,8246,9045,9706,8439,8756
274,9403,8934,8677,9301,9090,15847,17315,17365,17196,17820,8092,8397,8455,8461,8572,8318,9121,9727,8501,8783
275,9425,9100,9002,9478,9139,16086,17421,17481,17523,17954,8104,8452,8622,8485,8545,8337,9136,9786,8548,8829
276,9779,9263,9206,9753,9789,16227,17471,17590,17533,18048,8169,8486,8496,8555,8608,8416,9225,9814,8629,8875
277,9804,9524,9557,9890,9870,16423,17556,17730,17751,18159,8185,8576,8663,8611,8605,8427,9230,9849,8651,8906
278,9609,9267,8772,9677,9541,16680,17667,17919,17877,18172,8185,8514,8602,8623,8676,8467,9264,9890,8679,8961
279,9627,9279,9055,9706,9605,16636,17973,17903,17935,18176,8275,8618,8779,8649,8715,8554,9325,9922,8741,9019
280,9921,9711,9598,10063,9928,16887,18139,18147,18015,18429,8304,8667,8644,8706,8729,8527,9367,9987,8787,9003
281,10152,10010,9809,10305,10304,17006,18232,18295,18216,18669,8327,8657,8843,8742,8769,8585,9487,10016,8914,9061
282,9869,9419,9434,10032,9936,17023,18338,18372,18301,18796,8416,8691,8755,8758,8802,8608,9444,10059,8956,9163
283,9908,9617,9405,10037,9989,17119,18526,18529,18417,18822,8354,8719,8916,8770,8840,8658,9510,10082,8917,9149
284,10263,10159,9914,10448,10391,17119,18514,18516,18603,18998,8467,8793,8812,8857,8860,8762,9507,10180,8938,9174
285,10301,10155,9969,10543,10429,17368,18686,18717,18762,19204,8440,8823,9011,8836,8901,8738,9599,10163,9027,9238
286,10038,9759,9555,10130,10075,17564,18882,18892,18841,19187,8546,8876,8925,8925,8960,8789,9651,10247,9081,9254
287,10082,9879,9627,10192,10080,17708,19004,18984,19032,19360,8502,8907,9073,8918,8989,8813,9675,10338,9135,9298
288,10485,10338,10084,10643,10625,17846,19173,19109,19088,19523,8545,8925,9040,8945,9038,8836,9698,10406,9157,9379
289,10727,10232,10305,10838,10786,17758,19166,19247,19207,19602,8557,8967,9179,8992,9041,8947,9806,10358,9201,9402
290,10331,9986,9903,10493,10349,17974,19392,19332,19391,19745,8619,9031,9066,9097,9125,9012,9801,10420,9296,9429
291,10364,10143,9898,10546,10346,18176,19544,19394,19436,19878,8607,9039,9236,9015,9091,9005,9831,10423,9305,9489
292,10856,10546,10402,10975,10866,18184,19615,19626,19589,20072,8660,9069,9164,9099,9166,9090,9888,10504,9362,9572
293,10875,10637,10462,10959,10900,18368,19645,19723,19707,20174,8670,9083,9294,9153,9252,9072,9918,10548,9427,9627
294,10604,10234,10023,10622,10471,18485,19827,19822,19801,20267,8726,9110,9285,9235,9236,9114,9959,10630,9517,9591
295,10601,10269,10083,10705,10519,18570,19984,19975,19963,20413,8787,9180,9407,9222,9253,9151,10043,10644,9508,9701
296,10986,10743,10510,11130,11101,18706,20119,20099,20146,20471,8776,9200,9307,9284,9287,9209,10082,10666,9567,9682
297,11127,10902,10707,11311,11392,18929,20266,20332,20191,20631,8801,9288,9488,9301,9327,9221,10144,10736,9599,9756
298,10834,10451,10307,10924,10827,18970,20337,20338,20329,20783,8915,9332,9344,9323,9372,9276,10196,10827,9664,9792
299,10847,10397,10355,11025,10839,19065,20562,20461,20426,20886,8921,9417,9530,9342,9401,9342,10234,10810,9692,9810
300,11305,11086,10766,11394,11402,19225,20596,20668,20614,21056,8899,9322,9403,9462,9446,9425,10269,10799,9762,9849
301,11283,11056,10893,11457,11434,19318,20794,20703,20717,21190,8913,9345,9566,9436,9495,9381,10298,10859,9839,9955
302,11060,10648,10440,11124,10981,19467,20917,20927,20867,21321,9009,9448,9508,9466,9532,9441,10328,10956,9879,9989
303,11084,10657,10504,11178,10988,19573,21016,20987,20966,21439,9017,9539,9705,9564,9591,9449,10394,10984,9896,10043
304,11412,11192,10970,11533,11635,19695,21142,21146,21085,21656,9102,9485,9560,9556,9862,9503,10404,11021,9963,10071
305,11584,11301,11132,11761,11821,19890,21245,21218,21240,21690,9055,9528,9793,9605,9605,9541,10495,11044,9991,10068
306,11210,10859,10698,11462,11234,19919,21383,21336,21240,21846,9100,9548,9658,9648,9662,9606,10533,11097,10063,10090
307,11281,10905,10780,11477,11309,20048,21552,21523,21485,21976,9139,9631,9792,9683,9694,9619,10532,11139,10123,10196
308,11665,11436,11242,11857,11829,20283,21713,21623,21644,22087,9196,9678,9745,9692,9727,9695,10636,11185,10184,10243
309,11803,11459,11351,11871,11924,20388,21804,21728,21785,22251,9218,9697,9916,9792,9827,9740,10621,11264,10200,10241
310,11423,10970,10885,11626,11393,20457,21777,21887,21871,22375,9320,9745,9900,9846,9850,9793,10717,11264,10293,10316
311,11363,11088,10928,11634,11450,20515,21978,22010,22007,22490,9283,9834,9992,9793,9885,9805,10736,11327,10380,10335
312,11870,11598,11418,12036,12045,20725,22124,22182,22164,22642,9349,9785,9849,9858,9918,9851,10755,11378,10391,10365
313,12058,11888,11560,12160,12305,20762,22279,22312,22289,22803,9365,9801,10103,9881,9918,9890,10770,11398,10443,10406
314,11654,11309,11156,11843,11706,20954,22438,22415,22423,22931,9460,9898,10014,9986,9974,9924,10836,11530,10433,10449
315,11717,11367,11172,11884,11823,21125,22534,22564,22488,22992,9472,9926,10187,9974,10018,10033,10936,11562,10473,10489
316,12248,11843,11681,12275,12286,21202,22682,22702,22677,23125,9531,9929,10029,10033,10041,10007,10976,11553,10563,10614
317,12295,11911,11748,12341,12377,21359,22948,22807,22848,23314,9526,10099,10227,10057,10044,10070,11030,11629,10696,10660
318,11905,11467,11277,11965,11913,21434,22872,22973,23055,23428,9554,10100,10160,10082,10158,10095,11023,11621,10730,10672
319,11987,11535,11330,12024,11868,21577,23080,23135,22991,23584,9556,10093,10253,10141,10184,10103,11056,11696,10720,10656
320,12329,12040,11777,12448,12602,21708,23267,23303,23236,23668,9577,10103,10171,10168,10223,10174,11087,11769,10814,10696
321,12502,12239,11976,12564,12764,21888,23357,23314,23291,23871,9611,10111,10389,10171,10197,10221,11140,11802,10903,10762
322,12145,11817,11578,12216,12149,21924,23470,23427,23468,23920,9646,10228,10246,10262,10324,10267,11188,11817,10840,10783
323,12165,11818,11584,12267,12188,22104,23610,23611,23653,24079,9786,10193,10496,10339,10279,10357,11280,11832,10955,10837
324,12703,12419,12174,12698,12774,22323,23766,23729,23779,24191,9696,10297,10297,10401,10341,10317,11273,11898,10922,10869
325,12736,12415,12127,12696,12809,22313,23966,23953,23878,24360,9759,10353,10597,10358,10464,10436,11298,11958,10966,10957
326,12306,12009,11760,12345,12333,22545,23983,23994,24076,24503,9782,10359,10466,10372,10483,10508,11365,11991,11110,10908
327,12318,12029,11696,12381,12394,22618,24074,24108,24203,24620,9819,10354,10649,10438,10485,10482,11433,12040,11071,11049
328,12770,12506,12286,12850,13088,22808,24279,24309,24285,24741,9841,10393,10454,10494,10534,10548,11429,12064,11203,11070
329,13029,12832,12494,13069,13234,22936,24421,24448,24403,24972,9962,10470,10725,10485,10536,10577,11561,12138,11182,11087
330,12506,12317,12034,12750,12612,22993,24636,24588,24545,24992,9889,10507,10568,10540,10595,10584,11489,12154,11208,11223
331,12522,12352,12102,12766,12707,23161,24748,24768,24701,25181,9904,10631,10756,10563,10645,10628,11562,12189,11239,11191
332,13154,12878,12561,13141,13250,23252,24866,24900,24820,25351,9972,10611,10661,10607,10685,10707,11618,12241,11304,11289
333,13154,12888,12607,13251,13328,23394,25013,25030,25002,25444,10069,10567,10876,10680,10683,10698,11636,12318,11394,11345
334,12775,12491,12105,12831,12831,23541,25158,25135,24978,25611,10057,10650,10775,10690,10745,10722,11758,12420,11456,11362
335,12827,12468,12242,12919,12817,23695,25312,25332,25317,25751,10083,10700,10951,10788,10763,10828,11774,12356,11521,11331
336,13204,13033,12724,13393,13483,23789,25327,25449,25370,25883,10121,10713,10796,10842,10783,10850,11811,12405,11521,11373
337,13513,13281,12908,13539,13787,23942,25512,25586,25465,26076,10129,10794,11018,10777,10912,10868,11841,12472,11561,11528
338,13108,12722,12459,13144,13078,24091,25703,25707,25682,26299,10201,10803,10877,10839,10896,10955,11846,12521,11719,11556
339,13127,12778,12517,13068,13127,24208,25803,25874,25833,26322,10199,10939,11098,10863,10953,10974,11920,12539,11741,11632
340,13701,13300,13074,13527,13736,24483,25954,26086,26002,26394,10277,10838,10906,10955,10945,11111,12030,12600,11664,11586
341,13722,13371,13087,13577,13775,24481,26094,26067,26094,26605,10310,11017,11219,10998,11010,11054,11991,12610,11729,11621
342,13339,12867,12675,13203,13366,24567,26275,26209,26327,26725,10317,10930,11083,11086,11058,11172,12033,12714,11780,11613
343,13404,12914,12717,13310,13333,24737,26491,26409,26433,26982,10350,10987,11270,11056,11096,11148,12093,12744,11887,11748
344,13811,13507,13189,13792,14064,24892,26545,26555,26545,27009,10445,11032,11086,11153,11149,11198,12117,12810,11840,11855
345,14147,13660,13452,13888,14280,25049,26677,26729,26654,27169,10452,11143,11339,11194,11207,11284,12234,12844,11932,11785
346,13658,13202,12931,13503,13575,25121,26776,26894,26766,27320,10550,11114,11173,11152,11259,11287,12195,12854,12059,11816
347,13670,13244,12968,13488,13651,25309,26956,26978,26940,27493,10536,11118,11473,11277,11279,11392,12282,12978,12075,11894
348,14168,13816,13498,13947,14311,25465,27158,27101,27053,27586,10579,11195,11232,11327,11415,11347,12334,12927,12131,11976
349,14206,13795,13659,14030,14341,25607,27159,27175,27181,27765,10564,11211,11480,11322,11343,11430,12404,13034,12134,11942
350,13741,13402,13019,13623,13783,25679,27343,27394,27399,27877,10655,11217,11391,11433,11365,11447,12414,13105,12182,11972
351,13895,13366,13065,13680,13844,25839,27540,27548,27486,28088,10661,11301,11618,11398,11437,11511,12395,13100,12257,11996
352,14337,13947,13747,14201,14550,26067,27758,27670,27653,28104,10693,11324,11387,11442,11393,11503,12418,13163,12207,12030
353,14494,14161,13854,14380,14729,26094,27786,27813,27734,28331,10734,11435,11660,11465,11518,11560,12523,13204,12322,12151
354,14027,13671,13345,13904,14036,26244,28003,27995,27911,28485,10733,11444,11551,11526,11549,11626,12507,13207,12452,12282
355,14091,13575,13428,14014,14112,26405,28163,28123,28129,28572,10807,11435,11796,11586,11622,11665,12575,13304,12452,12234
356,14547,14198,14010,14489,14732,26515,28287,28242,28202,28773,10808,11532,11569,11614,11678,11672,12699,13285,12485,12207
357,14681,14304,14050,14558,14802,26703,28389,28349,28364,28922,10829,11628,11840,11645,11690,11711,12678,13378,12484,12340
358,14240,13706,13506,14092,14209,26911,28530,28586,28494,29033,10890,11553,11723,11623,11739,11764,12672,13340,12608,12353
359,14280,13867,13552,14082,14244,26894,28711,28730,28678,29231,10945,11665,11899,11745,11786,11810,12757,13428,12508,12413
360,14738,14378,14082,14636,15015,27217,28868,28862,28854,29301,10951,11782,11715,11756,11826,11845,12808,13496,12599,12498
361,14915,14543,14337,14886,15568,27213,28923,29038,28966,29599,10974,11770,11948,11755,11810,11891,12794,13627,12597,12479
362,14480,14046,13735,14331,14732,27309,29167,29162,29141,29665,11040,11732,11864,11843,11869,11920,12876,13517,12652,12472
363,14555,14057,13753,14357,14855,27547,29266,29263,29222,29813,11153,11777,12110,11917,11939,11957,12937,13592,12819,12550
364,14985,14657,14487,14952,15571,27727,29448,29509,29419,29850,11114,11775,11896,11879,11979,12012,12966,13728,12739,12660
365,15153,14716,14557,14982,15590,27843,29587,29560,29566,30041,11115,11990,12157,12043,12000,12002,12989,13678,12781,12675
366,14739,14190,13933,14518,14954,28051,29774,29728,29696,30311,11181,11893,12069,11987,12024,12063,13012,13783,12944,12754
367,14695,14269,13989,14553,15079,28117,29987,29830,29911,30406,11359,12031,12237,12064,12073,12085,13120,13791,13010,12705
368,15262,14780,14586,15087,15824,28180,30020,30043,29968,30539,11277,11975,12019,12147,12197,12163,13189,13816,12958,12697
369,15514,15099,14817,15379,16318,28331,30136,30135,30166,30753,11287,11978,12299,12110,12163,12199,13165,13862,13012,12771
370,15053,14495,14237,14822,15573,28527,30456,30310,30192,30823,11359,12013,12110,12259,12125,12238,13205,13907,12955,12727
371,15021,14531,14275,14867,15708,28678,30463,30601,30449,31001,11394,12070,12462,12214,12281,12262,13254,13947,13045,12951
372,15644,15148,14967,15496,16307,28908,30693,30641,30558,31103,11486,12136,12217,12246,12301,12321,13312,13986,13139,12935
373,15679,15268,15021,15413,16385,29023,30754,30796,30716,31263,11422,12130,12504,12311,12313,12361,13362,13997,13086,13030
374,15260,14655,14393,14983,15827,29147,30849,31002,30849,31516,11515,12254,12320,12354,12383,12420,13298,14076,13131,13030
375,15244,14798,14460,15021,15712,29251,31094,31172,31052,31707,11556,12247,12490,12410,12373,12427,13417,14120,13232,12950
376,15810,15324,15093,15674,16559,29421,31218,31276,31165,31907,11687,12333,12304,12412,12464,12505,13473,14138,13261,13042
377,16061,15592,15306,16341,17134,29609,31394,31326,31423,31924,11616,12324,12597,12482,12521,12547,13429,14261,13251,13085
378,15497,14980,14760,15815,16382,29763,31554,31474,31493,32145,11672,12387,12555,12567,12529,12531,13584,14262,13300,13184
379,15480,15004,14705,15789,16366,29906,31674,31753,31641,32327,11700,12522,12691,12598,12589,12601,13518,14277,13382,13260
380,16141,15679,15526,16431,17246,30022,31807,31784,31798,32436,11752,12454,12562,12643,12600,12601,13632,14301,13409,13251
381,16167,15654,15533,16442,17198,30229,31966,31888,31859,32598,11820,12530,12714,12746,12640,12685,13621,14411,13421,13208
382,15659,15195,14853,15850,16613,30331,32108,32162,32070,32800,11894,12652,12604,12915,12680,12680,13642,14475,13524,13391
383,15676,15189,14926,15953,16620,30471,32278,32379,32334,32907,11843,12605,12799,12729,12718,12711,13748,14558,13499,13478
384,16341,15861,15587,16641,17397,30640,32548,32468,32401,33078,11891,12623,12738,12856,12858,12853,13771,14529,13736,13332
385,16534,16131,15790,17217,17750,30798,32598,32580,32637,33203,12009,12670,12952,12831,12781,12802,13831,14543,13559,13496
386,16000,15451,15172,16595,16936,30889,32747,32879,32698,33273,12020,12769,12780,12908,12859,12932,13852,14588,13699,13465
387,16110,15490,15252,16624,17015,31073,32910,32978,32839,33531,12040,12729,13060,12921,12929,12877,13936,14669,13660,13582
388,16670,16220,16029,17261,17751,31158,33173,33114,33077,33677,12038,12811,12785,12959,12904,13009,13966,14639,13733,13547
389,16762,16224,16024,17388,17792,31400,33269,33342,33263,33779,12061,12933,13074,12962,12935,12972,13941,14816,13732,13591
390,16202,15708,15429,16872,17162,31622,33474,33365,33435,34069,12132,12873,13014,13080,13019,13034,14007,14834,13818,13573
391,16244,15699,15402,16847,17237,31662,33548,33605,33444,34184,12151,12906,13186,13024,13053,13117,14017,14832,13919,13743
392,16852,16437,16134,17560,18071,31818,33712,33781,33726,34342,12164,12965,13010,13106,13070,13073,14087,14830,13960,13751
393,17043,16660,16376,17898,18214,31916,33815,33897,33797,34509,12138,12884,13304,13119,13157,13197,14106,14927,13992,13826
394,16479,15897,15703,17204,17421,32202,34055,34155,33977,34521,12209,12978,13149,13206,13189,13253,14208,14945,14045,13749
395,16551,15970,15745,17257,17439,32338,34246,34197,34220,34698,12265,13028,13378,13210,13209,13242,14178,14986,14093,13827
396,17133,16636,16441,17940,18254,32458,34343,34345,34232,34922,12273,13043,13192,13276,13237,13273,14236,14980,14099,13927
397,17154,16683,16480,17974,18284,32675,34456,34477,34468,35082,12352,13081,13471,13316,13311,13261,14291,15120,14164,13912
398,16733,16083,15831,17408,17498,32715,34679,34707,34648,35186,12362,13155,13345,13345,13379,13351,14348,15100,14240,13949
399,16761,16177,15878,17375,17465,32879,34774,34846,34786,35392,12424,13154,13611,13345,13389,13388,14450,15147,14255,13975
400,17482,16988,16749,18235,18428,33028,35119,34934,34867,35660,12621,13236,13402,13449,13445,13397,14385,15262,14217,13994
401,17782,17280,16999,18367,18704,33251,35282,35225,35134,35822,12490,13288,13682,13442,13552,13463,14524,15322,14318,14036
402,17051,16448,16143,17709,17845,33407,35349,35415,35315,36001,12589,13319,13428,13544,13537,13543,14455,15283,14335,14135
403,17069,16489,16264,17784,17866,33527,35450,35484,35409,36137,12515,13483,13721,13523,13550,13553,14583,15385,14417,14198
404,17905,17380,17125,18643,18730,33786,35732,35615,35560,36239,12579,13387,13465,13682,13643,13624,14603,15377,14476,14200
405,18011,17470,17225,18683,18770,33925,35722,35916,35734,36381,12618,13512,13801,13667,13666,13602,14644,15443,14488,14378
406,17284,16635,16346,17878,18041,34024,35926,36098,35978,36674,12675,13520,13729,13715,13723,13647,14648,15513,14644,14185
407,17318,16676,16428,17968,18129,34228,36121,36083,36057,36725,12694,13507,13954,13687,13772,13680,14689,15482,14509,14354
408,18060,17538,17148,18647,19000,34297,36400,36436,36250,36942,12897,13563,13687,13827,13747,13685,14765,15536,14641,14406
409,18299,17805,17430,18868,19135,34496,36463,36544,36441,37115,12760,13714,13980,13759,13841,13749,14840,15673,14561,14336
410,17616,16952,16694,18246,18362,34634,36738,36614,36562,37186,12799,13740,13860,13856,13886,13801,14817,15667,14556,14587
411,17625,16946,16691,18380,18415,34824,36844,36773,36767,37356,12863,13732,14120,13945,13889,13852,14937,15734,14737,14496
412,18315,17852,17552,18959,19139,35068,36987,36927,36955,37520,13019,13694,13901,14026,14025,13947,14901,15757,14704,14534
413,18395,17815,17590,19014,19130,35134,37172,37188,37085,37647,12950,13788,14207,14004,14007,13910,14984,15774,14844,14543
414,17873,17206,16884,18439,18537,35312,37320,37326,37238,37942,12986,13802,14115,14104,14087,14008,14995,15893,14927,14566
415,17819,17201,16952,18470,18568,35498,37491,37552,37328,38049,13104,13926,14223,14085,14072,14069,15085,15885,14926,14616
416,18655,18058,17766,19179,19401,35659,37628,37640,37543,38260,13083,13848,14109,14147,14201,14106,15089,15921,14867,14657
417,18815,18429,18013,19437,19866,35839,37947,37938,37738,38386,13135,14016,14323,14092,14157,14055,15189,15987,15203,14672
418,18173,17521,17189,18790,18990,36015,38025,38034,38001,38671,13170,13962,14179,14251,14163,14145,15274,16081,15054,14863
419,18285,17559,17270,18884,18985,36196,38171,38273,38127,38731,13144,14011,14430,14225,14299,14146,15211,15997,15125,14893
420,18936,18380,18124,19469,19788,36376,38384,38361,38314,39047,13286,14076,14187,14321,14334,14300,15252,16160,15041,14850
421,18951,18485,18157,19584,19754,36397,38487,38379,38371,39116,13368,14120,14490,14297,14351,14266,15293,16142,14996,15001
422,18387,17798,17442,19015,19132,36738,38639,38757,38641,39280,13293,14126,14475,14336,14422,14341,15295,16252,15254,14927
423,18434,17711,17449,19009,19257,36796,38841,38908,38797,39460,13436,14231,14626,14426,14499,14345,15343,16245,15172,14962
424,19194,18710,18225,19723,20148,36984,38963,39063,38953,39645,13533,14238,14377,14413,14476,14407,15379,16272,15230,15032
425,19420,18961,18504,20080,20450,37176,39211,39242,39262,39793,13455,14361,14707,14482,14521,14384,15459,16337,15203,15002
426,18808,18188,17759,19307,19509,37361,39444,39429,39314,40055,13480,14298,14563,14614,14801,14371,15520,16312,15189,14984
427,18871,18197,17815,19412,19613,37477,39400,39518,39490,40112,13439,14296,14776,14646,14629,14497,15466,16406,15309,15203
428,19520,18979,18723,20016,20343,37675,39676,39729,39615,40257,13516,14393,14640,14611,14721,14515,15597,16453,15345,15164
429,19566,18960,18748,20181,20418,37906,39911,39761,39812,40564,13580,14499,14856,14624,14712,14561,15612,16463,15344,15231
430,19009,18352,17953,19516,19740,37897,40061,40027,40094,40661,13624,14401,14798,14771,14745,14632,15655,16509,15593,15212
431,19107,18442,17862,19630,19785,38077,40129,40220,40157,40848,13600,14478,14991,14780,14801,14652,15706,16534,15543,15167
432,19729,19279,18794,20412,20773,38339,40329,40421,40243,41056,13716,14602,14811,14887,14840,14667,15762,16575,15490,15390
433,19953,19555,19113,20531,20924,38519,40564,40547,40527,41283,13723,14725,15068,14892,14919,14718,15755,16671,15666,15299
434,19443,18718,18275,19741,20054,38614,40725,40732,40666,41379,13741,14624,14812,14914,14991,14768,15831,16705,15714,15379
435,19341,18729,18321,19773,19970,38821,40901,40893,40954,41593,13778,14767,15169,14968,14950,14759,15874,16698,15656,15387
436,20045,19564,19331,20674,20893,38954,40994,41024,41064,41715,13880,14702,15005,15003,15029,14816,15966,16871,15739,15492
437,20016,19702,19328,20633,20954,39154,41226,41308,41088,41805,13893,14808,15267,15037,15033,14894,16001,16865,15712,15603
438,19566,18917,18400,19950,20328,39405,41501,41528,41364,42015,13918,14857,15125,15068,15165,14900,16028,16935,15831,15541
439,19603,18939,18544,19994,20112,39525,41662,41527,41523,42172,14091,14975,15283,15157,15174,14937,16051,16933,15703,15512
440,20306,19878,19370,20804,21308,39647,41781,41840,41696,42458,14055,14920,15017,15154,15195,14942,16152,17021,15719,15656
441,20478,20199,19716,21201,21629,39976,41984,41975,41963,42583,14068,14914,15497,15234,15272,14963,16128,17086,15819,15680
442,19948,19338,18862,20365,20637,40048,42125,42120,41961,42741,14134,14992,15342,15234,15337,15066,16130,17126,16023,15744
443,19956,19313,18842,20435,20632,40144,42375,42317,42232,42949,14244,15039,15513,15303,15363,15055,16204,17108,15864,15680
444,20554,20118,19821,21254,21548,40405,42508,42511,42432,43160,14213,15075,15327,15387,15413,15074,16283,17088,15896,15795
445,20665,20173,19751,21334,21539,40516,42756,42709,42629,43321,14293,15086,15583,15495,15391,15191,16255,17177,16023,15919
446,20045,19431,18982,20609,20811,40828,42865,42827,42807,43505,14366,15209,15432,15511,15480,15245,16342,17300,16163,15805
447,20154,19517,19010,20627,20910,40854,42946,43023,42882,43568,14352,15188,15658,15480,15508,15215,16334,17335,16193,15876
448,20854,20489,19947,21516,21914,41018,43296,43283,43282,43888,14452,15238,15432,15534,15523,15259,16372,17316,16345,15888
449,21081,20791,20197,21811,22109,41317,43357,43363,43459,44101,14488,15268,15731,15587,15633,15311,16463,17382,16206,16067
450,20476,19895,19292,20883,21226,41387,43525,43600,43602,44287,14537,15333,15575,15635,15626,15321,16428,17416,16208,16006
451,20551,19929,19361,20928,21312,41548,43785,43760,43688,44361,14519,15437,15916,15663,15713,15378,16557,17473,16347,16066
452,21067,20641,20228,21930,22205,41833,44034,43982,43864,44566,14595,15332,15621,15698,15785,15448,16574,17510,16329,16046
453,21146,20750,20262,22047,22140,41868,44063,44089,43977,44760,14634,15371,16020,15734,15836,15453,16589,17631,16405,16125
454,20619,20098,19467,21076,21352,42106,44234,44206,44363,45046,14661,15558,15859,15851,15799,15454,16633,17605,16427,16141
455,20751,20182,19554,21206,21268,42369,44517,44517,44464,45160,14692,15599,16048,15827,15912,15536,16976,17709,16501,16332
456,21443,21044,20454,22197,22537,42496,44791,44671,44595,45285,14757,15639,15843,15915,15978,15531,16717,17689,16527,16307
457,21678,21358,20761,22469,22761,42674,44858,44902,44800,45600,14726,15658,16220,15923,15945,15603,16780,17704,16547,16377
458,21000,20351,19837,21442,21811,42796,45000,45130,44846,45582,14746,15645,15949,15956,16037,15747,16791,17848,16452,16417
459,21117,20435,19944,21586,21861,42901,45164,45201,45251,45930,14787,15705,16215,16010,16014,15704,16803,17841,16678,16450
460,21643,21168,20844,22556,22646,43322,45397,45423,45363,46080,14801,15750,16200,16083,16145,15684,16992,17856,16548,16529
461,21738,21233,20814,22603,22772,43313,45705,45545,45514,46285,14874,15800,16314,16154,16143,15767,17004,17864,16778,16401
462,21208,20572,20060,21697,21988,43497,45849,45806,45666,46500,15230,15874,16242,16082,16325,15794,16957,17983,16713,16495
463,21260,20607,20068,21809,22000,43711,45940,45975,46073,46775,14979,15962,16458,16187,16282,15851,17041,18104,16782,16663
464,21956,21661,21213,22842,23145,44003,46132,46175,46103,46756,15067,15895,16264,16279,16330,15858,17142,18100,16809,16568
465,22210,22019,21336,23040,23401,44053,46343,46403,46336,47044,15156,15939,16590,16259,16330,15946,17112,18132,16831,16676
466,21582,21004,20416,22041,22381,44337,46600,46590,46455,47199,15242,16054,16327,16373,16377,15949,17220,18116,16903,16650
467,21576,21068,20502,22033,22470,44383,46775,46726,46665,47405,15167,16107,16609,16358,16463,15982,17274,18169,16859,16774
468,22240,22019,21407,23138,23430,44657,46860,46867,46797,47528,15209,16058,16510,16430,16446,16056,17234,18265,17076,16741
469,22163,22032,21425,23238,23495,44904,47129,47095,47059,47736,15222,16055,16459,16411,16560,16088,17285,18328,17107,16880
470,21812,21169,20607,22200,22574,44994,47286,47266,47215,47910,15299,16150,16647,16502,16553,16058,17310,18366,16954,16840
471,21848,21364,20707,22303,22770,45273,47463,47458,47407,48182,15430,16297,16764,16588,16679,16150,17411,18342,17098,16931
472,22559,22315,21599,23404,23911,45345,47723,47641,47532,48435,15429,16255,16488,16614,16636,16232,17405,18325,17132,16891
473,22828,22513,21906,23769,23981,45491,47839,47877,47833,48419,15404,16326,16948,16633,16737,16253,17411,18513,17072,16948
474,22153,21510,20915,22664,22896,45797,48200,48004,48155,48638,15444,16322,16692,16732,16720,16273,17502,18439,17095,17021
475,22162,21588,21020,22703,22943,45813,48116,48226,48180,49006,15481,16508,16964,16749,16776,16355,17530,18600,17125,17155
476,22795,22497,21921,23832,23984,46203,48431,48390,48340,49114,15584,16364,16781,16805,16877,16439,17553,18614,17178,17075
477,22695,22394,21978,23834,24124,46402,48588,48666,48484,49272,15707,16506,17053,16896,16825,16324,17558,18652,17361,17172
478,22370,21715,21121,22828,23101,46517,48730,48795,48783,49364,15647,16528,17049,16861,16906,16406,17682,18601,17323,17263
479,22339,21823,21167,22847,23319,46630,48878,48951,48883,49631,15785,16564,17220,16915,16912,16470,17685,18742,17394,17286
480,23007,22896,22191,24092,24289,46801,49104,49232,49148,49788,15787,16614,16997,16946,16999,16471,17731,18755,17468,17307
481,23373,23181,22424,24435,24668,46993,49383,49316,49231,50024,15792,16708,17270,16993,17046,16484,17770,18841,17519,17279
482,22528,22125,21504,23280,23562,47270,49570,49563,49595,50116,15861,16735,17055,17025,17132,16591,17873,18846,17569,17300
483,22764,22198,21592,23325,23655,47451,49553,49807,49725,50332,15908,16706,17367,17068,17198,16649,17868,18911,17665,17354
484,23372,23258,22551,24430,24638,47576,49881,49902,49875,50518,15894,16816,17161,17145,17208,16696,17899,18958,17650,17341
485,23370,23265,22624,24549,24627,47837,50132,50206,50132,50825,16123,16790,17408,17293,17234,16651,18000,19062,17702,17417
486,22909,22383,21690,23433,23736,48046,50335,50332,50302,51098,16094,16877,17302,17277,17341,16673,18018,19063,17645,17446
487,22894,22363,21614,23486,23822,48207,50475,50568,50301,51164,16047,16980,17499,17270,17335,16763,18003,19136,17598,17447
488,23709,23529,22748,24760,25016,48344,50677,50813,50635,51308,16142,16895,17335,17306,17431,16866,18040,19253,17736,17635
489,23926,23810,23273,25134,25430,48490,50892,50876,50854,51612,16145,17064,17423,17379,17443,16888,18119,19206,17806,17632
490,23162,22736,22139,23736,24229,48741,51035,51009,51086,51720,16169,17000,17521,17424,17468,16867,18150,19232,17987,17735
491,23216,22760,22246,23846,24156,48890,51188,51323,51209,52010,16300,16976,17645,17455,17564,16978,18220,19322,17889,17683
492,24057,23593,23309,25027,25399,49061,51341,51575,51325,52170,16333,17189,17634,17520,17542,16947,18218,19324,18005,17738
493,23948,23683,23230,25203,25372,49354,51698,51603,51666,52278,16355,17123,17720,17594,17550,16977,18253,19347,17938,17769
494,23284,22819,22304,23970,24467,49567,51847,51953,51792,52602,16458,17210,17729,17630,17711,17029,18242,19402,17959,17795
495,23406,22918,22395,24095,24507,49670,52002,52140,51847,52805,16459,17224,17865,17600,17702,17029,18311,19678,17946,17938
496,24307,24083,23564,25440,25749,49800,52341,52225,52190,52954,16509,17256,17670,17665,17719,17074,18398,19526,17977,17893
497,24574,24552,23710,25698,26040,50084,52565,52307,52516,53259,16613,17412,17958,17670,17747,17122,18484,19490,18034,17971
498,23710,23302,22558,24408,24875,50323,52655,52521,52662,53269,16562,17302,17818,17732,17815,17247,18501,19535,18080,18084
499,23638,23415,22598,24423,24898,50480,52830,52806,52906,53481,16621,17417,17974,17824,17860,17225,18616,19649,18138,18087
500,24427,24539,23793,25862,26132,50609,52994,52976,53007,53773,16725,17482,17838,17823,17820,17233,18509,19678,18226,18050
