n,Find (O1),Find (O2),Find (O3),Find (Os),Find (Oz),Heap Cache (O1),Heap Cache (O2),Heap Cache (O3),Heap Cache (Os),Heap Cache (Oz),Tournament Tree (O1),Tournament Tree (O2),Tournament Tree (O3),Tournament Tree (Os),Tournament Tree (Oz)
3,38,40,34,42,41,21,22,22,22,22,18,23,23,21,22
4,54,54,49,58,58,30,29,30,29,29,30,38,38,37,36
5,71,69,64,74,73,41,39,39,39,40,46,54,56,53,53
6,85,86,76,90,88,55,53,52,54,53,53,68,73,63,64
7,103,100,92,105,105,74,69,71,69,70,73,88,93,85,84
8,121,124,108,120,130,86,79,80,82,79,85,105,107,100,99
9,131,138,126,136,139,96,89,90,90,92,107,127,140,123,123
10,148,148,140,150,148,112,105,105,108,110,126,146,162,144,142
11,161,165,155,169,175,131,122,125,127,128,145,170,186,167,165
12,176,180,168,182,188,147,137,138,143,145,155,178,199,175,174
13,192,196,186,198,196,165,155,157,160,161,180,209,225,204,203
14,207,212,198,215,211,189,177,180,181,182,194,228,243,216,215
15,224,230,213,227,228,210,199,201,204,205,207,242,262,234,232
16,238,252,229,245,248,230,211,214,216,218,228,256,284,249,250
17,275,257,248,264,262,235,224,227,230,232,250,287,313,283,276
18,288,269,258,276,279,253,241,243,252,250,277,316,342,307,305
19,304,284,272,292,296,275,264,268,273,271,309,344,372,336,334
20,320,300,286,308,307,291,280,281,284,290,334,367,397,361,358
21,338,317,305,324,322,308,296,301,304,309,353,395,429,390,385
22,355,331,316,339,339,332,324,320,326,331,372,411,442,404,404
23,374,351,331,360,354,356,345,348,351,354,391,429,466,420,418
24,396,366,347,376,372,373,367,358,368,376,404,441,480,435,432
25,402,379,363,397,394,394,381,392,393,392,426,473,518,462,463
26,416,390,383,402,404,416,413,406,418,418,448,497,532,484,479
27,430,407,392,421,428,442,437,435,438,443,463,526,559,503,504
28,446,422,405,435,435,466,452,459,462,465,482,536,574,528,516
29,465,437,420,451,451,488,473,483,488,488,494,557,597,544,537
30,489,460,437,474,468,518,513,504,513,525,513,584,619,577,567
31,498,467,451,485,494,543,529,535,541,557,531,596,640,583,576
32,518,486,466,500,507,562,543,545,555,562,546,617,663,602,594
33,527,511,488,529,519,572,569,564,577,580,589,654,708,649,643
34,537,516,500,540,536,606,584,580,590,600,623,689,739,670,661
35,550,531,516,559,555,613,616,618,610,625,646,716,774,716,707
36,565,546,540,576,569,631,631,619,630,643,685,747,809,737,729
37,583,561,547,593,586,661,649,645,650,663,708,780,851,770,764
38,600,579,561,614,604,680,681,665,677,691,738,815,882,800,809
39,629,606,578,640,634,713,713,701,715,730,779,848,924,832,839
40,637,612,592,646,644,731,724,705,724,736,796,865,944,865,852
41,682,661,633,688,679,740,743,736,740,755,838,901,983,889,887
42,702,667,648,704,690,768,782,753,765,784,857,930,1013,912,912
43,711,684,662,721,709,793,809,790,793,813,886,955,1043,935,940
44,723,710,684,742,735,820,838,805,819,835,914,984,1078,958,965
45,757,721,699,767,755,850,863,842,854,871,939,1011,1103,985,990
46,766,738,713,780,771,884,886,858,883,899,950,1020,1126,995,1008
47,786,765,730,807,784,918,923,899,905,923,974,1042,1164,1022,1040
48,811,781,759,825,797,940,945,909,926,939,994,1065,1182,1038,1057
49,859,816,797,843,832,944,954,932,944,961,1022,1093,1207,1062,1076
50,863,845,820,858,856,969,980,947,968,990,1067,1127,1257,1095,1111
51,881,848,826,875,857,997,1007,984,997,1018,1081,1147,1270,1130,1129
52,896,864,841,896,875,1037,1038,998,1023,1046,1095,1172,1296,1139,1148
53,915,882,875,914,891,1064,1063,1052,1052,1076,1123,1199,1331,1193,1172
54,932,900,875,928,915,1086,1093,1059,1101,1111,1147,1224,1357,1188,1191
55,964,917,893,947,927,1113,1130,1101,1128,1149,1174,1254,1381,1207,1212
56,973,938,911,963,946,1137,1146,1116,1144,1171,1191,1272,1412,1228,1235
57,1004,968,947,989,975,1163,1168,1154,1178,1205,1224,1297,1441,1258,1260
58,1020,979,969,1004,1013,1198,1199,1175,1204,1232,1253,1323,1465,1280,1283
59,1038,998,977,1020,1009,1240,1228,1214,1235,1262,1276,1348,1495,1302,1308
60,1074,1031,996,1062,1023,1264,1263,1243,1271,1299,1287,1399,1537,1336,1375
61,1085,1035,1028,1071,1040,1289,1313,1287,1311,1348,1328,1410,1560,1360,1381
62,1091,1046,1037,1081,1072,1324,1329,1300,1348,1356,1353,1419,1581,1368,1390
63,1112,1068,1054,1096,1079,1353,1359,1344,1384,1386,1380,1450,1606,1400,1410
64,1142,1088,1064,1106,1112,1382,1381,1360,1394,1423,1405,1464,1660,1423,1442
65,1172,1129,1106,1149,1153,1399,1396,1382,1414,1428,1442,1504,1681,1453,1502
66,1189,1162,1122,1167,1165,1431,1425,1399,1426,1457,1472,1546,1716,1491,1562
67,1217,1174,1137,1202,1175,1434,1473,1428,1448,1487,1503,1594,1764,1522,1610
68,1232,1176,1153,1214,1207,1466,1499,1442,1491,1521,1536,1613,1785,1560,1620
69,1238,1197,1171,1227,1211,1481,1507,1493,1506,1535,1572,1668,1821,1616,1671
70,1264,1220,1201,1234,1221,1535,1547,1502,1536,1568,1614,1689,1863,1628,1707
71,1287,1228,1207,1265,1256,1535,1567,1537,1572,1604,1648,1724,1903,1679,1726
72,1296,1255,1230,1268,1295,1560,1587,1527,1597,1605,1673,1760,1939,1700,1765
73,1377,1319,1287,1325,1334,1589,1607,1580,1584,1626,1707,1802,1971,1740,1807
74,1377,1334,1292,1331,1329,1624,1637,1590,1619,1656,1731,1854,2019,1776,1861
75,1401,1341,1310,1348,1343,1628,1664,1638,1640,1684,1762,1873,2042,1808,1864
76,1423,1359,1327,1369,1377,1654,1694,1637,1671,1713,1795,1906,2081,1845,1894
77,1439,1375,1344,1381,1389,1678,1724,1684,1695,1736,1826,1942,2114,1879,1918
78,1461,1396,1362,1398,1401,1714,1753,1692,1728,1763,1856,1976,2148,1911,1956
79,1485,1411,1381,1417,1424,1769,1784,1766,1754,1792,1887,2007,2179,1963,1984
80,1501,1435,1401,1437,1436,1765,1813,1729,1773,1820,1912,2036,2208,1967,2009
81,1551,1500,1447,1478,1495,1783,1831,1790,1795,1840,1947,2076,2247,2003,2047
82,1552,1511,1464,1493,1507,1813,1862,1789,1829,1869,1978,2110,2284,2041,2081
83,1565,1530,1480,1512,1525,1836,1894,1848,1852,1898,2011,2145,2319,2063,2107
84,1583,1549,1499,1530,1534,1864,1919,1846,1885,1925,2035,2177,2351,2101,2138
85,1623,1562,1515,1548,1560,1888,1943,1902,1907,1954,2062,2206,2382,2127,2167
86,1627,1581,1533,1564,1579,1923,1979,1908,1946,1984,2088,2239,2418,2151,2195
87,1641,1607,1555,1581,1602,1953,2007,1970,1977,2013,2119,2260,2451,2179,2225
88,1672,1631,1569,1599,1611,1984,2038,1956,2009,2042,2142,2284,2478,2191,2250
89,1731,1622,1602,1633,1637,2005,2064,2027,2033,2069,2170,2318,2511,2219,2288
90,1740,1638,1616,1649,1664,2041,2095,2023,2071,2098,2198,2340,2549,2248,2312
91,1767,1652,1631,1665,1681,2070,2132,2093,2096,2130,2224,2365,2578,2268,2340
92,1789,1668,1655,1685,1711,2105,2163,2087,2135,2159,2248,2388,2606,2285,2359
93,1807,1690,1669,1703,1722,2131,2193,2151,2160,2189,2275,2415,2638,2308,2387
94,1839,1711,1688,1719,1725,2169,2227,2151,2208,2222,2300,2440,2668,2337,2414
95,1857,1725,1702,1744,1738,2205,2252,2210,2233,2257,2333,2465,2705,2361,2450
96,1876,1749,1724,1758,1762,2233,2282,2191,2257,2279,2355,2491,2737,2378,2477
97,1868,1802,1776,1811,1827,2247,2309,2264,2279,2301,2383,2523,2768,2410,2500
98,1908,1820,1790,1826,1828,2284,2337,2262,2307,2327,2414,2559,2809,2454,2541
99,1929,1836,1807,1846,1855,2299,2364,2328,2329,2357,2440,2595,2836,2472,2567
100,1949,1852,1824,1864,1890,2329,2397,2309,2356,2385,2472,2623,2873,2505,2591
101,1961,1872,1842,1883,1887,2350,2429,2386,2386,2413,2499,2659,2912,2534,2628
102,1976,1893,1862,1903,1903,2392,2458,2380,2421,2448,2523,2688,2946,2562,2656
103,2000,1912,1879,1918,1934,2417,2486,2454,2453,2478,2552,2720,2980,2593,2683
104,2033,1933,1899,1938,1949,2452,2513,2418,2481,2512,2580,2752,3012,2623,2708
105,2147,2049,1991,2020,2065,2473,2544,2509,2507,2536,2607,2782,3043,2651,2742
106,2175,2064,2008,2036,2068,2512,2577,2506,2543,2569,2636,2814,3077,2668,2767
107,2196,2084,2027,2059,2103,2539,2614,2575,2572,2606,2658,2846,3113,2694,2798
108,2236,2104,2042,2077,2112,2576,2644,2560,2606,2637,2688,2876,3148,2727,2824
109,2227,2119,2065,2095,2132,2605,2676,2631,2639,2667,2712,2904,3176,2743,2853
110,2261,2144,2083,2118,2144,2648,2706,2641,2676,2706,2739,2934,3210,2769,2880
111,2270,2164,2102,2132,2177,2681,2739,2707,2714,2744,2765,2962,3245,2795,2911
112,2309,2189,2129,2158,2194,2712,2769,2678,2748,2775,2793,2991,3275,2819,2941
113,2383,2275,2193,2232,2274,2735,2799,2762,2775,2806,2821,3020,3313,2854,2967
114,2431,2291,2205,2245,2268,2774,2835,2762,2812,2838,2847,3052,3344,2880,3006
115,2431,2311,2226,2271,2316,2803,2861,2838,2839,2871,2880,3088,3377,2903,3031
116,2465,2329,2247,2291,2320,2835,2893,2816,2875,2905,2900,3116,3417,2932,3063
117,2485,2353,2271,2308,2343,2872,2925,2894,2912,2937,2932,3144,3444,2964,3090
118,2523,2374,2285,2327,2377,2910,2958,2899,2945,2979,2962,3173,3476,2985,3118
119,2518,2398,2308,2352,2396,2953,2995,2963,2982,3012,2982,3202,3506,3014,3143
120,2559,2426,2330,2372,2417,2982,3020,2952,3015,3062,3012,3232,3544,3040,3176
121,2544,2424,2350,2403,2459,3007,3050,3024,3049,3079,3041,3262,3582,3063,3206
122,2566,2431,2368,2422,2481,3048,3087,3037,3089,3126,3064,3290,3611,3087,3237
123,2617,2460,2387,2440,2514,3082,3123,3095,3120,3158,3091,3322,3644,3117,3267
124,2598,2474,2406,2460,2544,3124,3152,3094,3157,3190,3118,3349,3676,3140,3289
125,2646,2499,2428,2481,2534,3158,3186,3156,3187,3223,3149,3379,3711,3170,3326
126,2664,2518,2446,2501,2582,3202,3220,3168,3234,3272,3174,3407,3741,3194,3352
127,2675,2542,2462,2524,2602,3228,3258,3224,3276,3304,3202,3435,3777,3217,3379
128,2693,2564,2491,2542,2601,3262,3287,3214,3301,3332,3231,3463,3808,3244,3412
129,2765,2636,2567,2654,2736,3273,3322,3281,3323,3359,3268,3504,3850,3289,3450
130,2829,2652,2582,2672,2754,3309,3346,3288,3356,3394,3298,3545,3887,3323,3485
131,2805,2674,2601,2693,2771,3326,3382,3348,3389,3420,3331,3586,3926,3362,3526
132,2864,2690,2622,2720,2799,3359,3406,3340,3411,3450,3364,3627,3972,3425,3561
133,2881,2712,2644,2735,2811,3372,3434,3407,3437,3479,3408,3674,4007,3449,3598
134,2904,2737,2665,2757,2821,3411,3466,3418,3464,3513,3439,3711,4044,3487,3639
135,2918,2757,2687,2776,2874,3436,3500,3478,3493,3546,3473,3751,4087,3523,3683
136,2928,2778,2703,2801,2890,3465,3525,3449,3527,3577,3508,3791,4127,3559,3711
137,3085,2935,2838,2995,3029,3481,3559,3537,3548,3605,3552,3832,4167,3600,3751
138,3116,2956,2856,3010,3047,3519,3582,3533,3581,3632,3586,3875,4208,3639,3792
139,3148,2983,2880,3033,3070,3540,3618,3608,3611,3665,3621,3916,4253,3679,3837
140,3130,2999,2898,3054,3075,3576,3647,3585,3637,3692,3655,3952,4289,3717,3868
141,3201,3028,2921,3081,3112,3598,3677,3668,3668,3721,3692,3996,4333,3756,3908
142,3223,3054,2946,3104,3134,3643,3712,3662,3709,3757,3731,4037,4363,3797,3938
143,3229,3073,2968,3129,3147,3663,3743,3736,3736,3787,3771,4074,4405,3834,3973
144,3219,3097,2991,3150,3181,3692,3774,3691,3766,3818,3805,4115,4446,3874,4014
145,3335,3158,3062,3270,3251,3703,3800,3796,3785,3843,3842,4155,4486,3918,4053
146,3372,3178,3083,3287,3264,3743,3835,3775,3822,3876,3874,4197,4525,3960,4090
147,3380,3199,3105,3312,3285,3770,3870,3862,3851,3907,3914,4239,4567,3998,4133
148,3424,3228,3129,3337,3320,3805,3898,3830,3881,3937,3947,4279,4609,4042,4167
149,3469,3251,3150,3357,3353,3827,3931,3927,3910,3970,3983,4322,4646,4084,4208
150,3473,3281,3179,3390,3379,3872,3959,3917,3955,4009,4020,4362,4685,4120,4247
151,3525,3303,3198,3412,3390,3900,4001,3998,3978,4036,4056,4398,4725,4164,4295
152,3520,3329,3220,3437,3422,3940,4027,3956,4010,4072,4090,4437,4770,4202,4330
153,3456,3337,3234,3507,3537,3953,4066,4072,4049,4104,4128,4478,4804,4245,4365
154,3526,3355,3254,3524,3553,4007,4091,4039,4076,4127,4167,4515,4842,4280,4411
155,3596,3386,3275,3549,3568,4032,4130,4135,4106,4192,4204,4560,4882,4319,4444
156,3583,3402,3299,3574,3615,4069,4166,4091,4137,4194,4236,4591,4920,4363,4484
157,3588,3429,3324,3605,3619,4088,4194,4202,4169,4224,4273,4633,4961,4399,4512
158,3633,3452,3344,3623,3668,4133,4231,4181,4213,4260,4314,4669,4996,4436,4544
159,3673,3480,3375,3655,3680,4159,4258,4279,4241,4295,4345,4699,5035,4471,4586
160,3663,3502,3392,3686,3698,4193,4288,4220,4277,4332,4382,4742,5072,4510,4630
161,3770,3616,3497,3737,3808,4209,4321,4339,4307,4362,4419,4786,5114,4564,4661
162,3791,3643,3519,3760,3858,4245,4349,4304,4337,4395,4459,4835,5154,4611,4709
163,3872,3664,3546,3787,3904,4273,4376,4409,4371,4426,4496,4868,5194,4643,4743
164,3876,3687,3579,3812,3928,4311,4423,4362,4414,4463,4537,4910,5236,4702,4794
165,3906,3718,3606,3838,3913,4341,4453,4492,4443,4501,4577,4950,5283,4728,4822
166,3922,3748,3633,3865,3978,4383,4489,4464,4479,4536,4613,4989,5322,4779,4868
167,3932,3781,3657,3901,4020,4413,4522,4567,4516,4575,4649,5028,5357,4809,4901
168,3938,3811,3695,3934,4043,4452,4565,4509,4548,4610,4685,5070,5399,4843,4939
169,4241,4064,3900,4117,4189,4478,4594,4643,4577,4640,4723,5106,5449,4887,4985
170,4266,4094,3920,4141,4206,4521,4626,4612,4617,4676,4754,5143,5480,4913,5014
171,4246,4127,3952,4173,4258,4553,4661,4709,4662,4717,4793,5183,5520,4945,5061
172,4304,4152,3976,4203,4290,4595,4706,4675,4701,4749,4822,5217,5560,4976,5098
173,4303,4176,4008,4227,4316,4622,4732,4780,4743,4784,4879,5247,5594,5012,5132
174,4319,4208,4033,4262,4336,4675,4776,4745,4777,4824,4890,5285,5629,5053,5170
175,4379,4243,4059,4283,4345,4697,4801,4854,4821,4858,4917,5314,5668,5075,5199
176,4363,4259,4079,4307,4408,4732,4839,4787,4853,4886,4946,5346,5702,5197,5377
177,4584,4401,4219,4445,4532,4760,4876,4929,4874,4925,4979,5381,5741,5244,5406
178,4581,4423,4239,4476,4591,4806,4900,4897,4914,4958,5018,5415,5778,5160,5302
179,4588,4445,4272,4498,4607,4826,4935,5011,4960,4996,5044,5449,5817,5193,5332
180,4668,4474,4298,4527,4634,4865,4974,4957,4989,5027,5073,5483,5857,5221,5369
181,4684,4507,4324,4552,4663,4889,5003,5073,5027,5066,5105,5512,5901,5246,5407
182,4726,4525,4349,4572,4677,4943,5047,5045,5061,5110,5143,5543,5935,5267,5441
183,4739,4555,4376,4604,4719,4974,5080,5150,5104,5142,5170,5575,5971,5295,5466
184,4709,4584,4401,4632,4735,5007,5117,5074,5131,5173,5198,5604,6013,5336,5499
185,4723,4487,4348,4633,4768,5034,5143,5208,5170,5204,5225,5642,6039,5356,5531
186,4724,4501,4372,4653,4767,5087,5190,5184,5217,5238,5255,5670,6084,5383,5565
187,4706,4539,4402,4665,4815,5105,5220,5287,5248,5280,5295,5711,6125,5413,5617
188,4813,4561,4429,4703,4852,5159,5256,5228,5278,5311,5337,5749,6174,5437,5654
189,4820,4589,4445,4762,4873,5196,5312,5346,5322,5370,5381,5810,6238,5475,5690
190,4852,4634,4497,4798,4901,5229,5324,5386,5370,5401,5414,5844,6337,5545,5737
191,4841,4670,4531,4842,4992,5249,5400,5408,5431,5447,5454,5873,6318,5556,5769
192,4924,4706,4557,4865,4988,5348,5394,5432,5507,5475,5488,5923,6359,5581,5817
193,5131,4888,4706,5077,5153,5306,5468,5513,5519,5565,5514,5950,6448,5615,5843
194,5060,4902,4765,5045,5097,5380,5468,5542,5516,5529,5557,6022,6477,5732,5883
195,5106,4935,4753,5168,5139,5427,5507,5635,5564,5626,5625,6079,6476,5718,5913
196,5169,4972,4764,5140,5169,5450,5528,5507,5567,5606,5622,6095,6590,5723,6015
197,5134,4980,4831,5133,5291,5435,5560,5642,5602,5633,5653,6104,6557,5741,6037
198,5164,5078,4824,5155,5247,5458,5648,5616,5635,5690,5723,6138,6610,5842,6010
199,5216,5046,4849,5248,5216,5483,5638,5730,5718,5712,5723,6190,6670,5874,6104
200,5247,5139,4874,5263,5287,5523,5664,5745,5704,5774,5835,6240,6701,5914,6099
201,5610,5424,5194,5516,5655,5539,5744,5889,5724,5812,5767,6255,6760,5873,6109
202,5708,5446,5220,5536,5645,5600,5726,5765,5766,5810,5796,6286,6773,5916,6139
203,5657,5554,5243,5535,5725,5631,5813,5889,5848,5843,5858,6337,6883,5957,6195
204,5678,5533,5285,5547,5664,5649,5801,5840,5835,5930,5931,6421,6822,5976,6306
205,5728,5550,5352,5586,5760,5695,5899,5941,5869,5916,5901,6407,6879,6009,6300
206,5764,5562,5322,5651,5753,5727,5905,5922,5950,5949,5935,6434,6972,6092,6275
207,5859,5626,5429,5720,5773,5812,5993,6007,5985,6002,6035,6511,6988,6135,6307
208,5823,5619,5369,5686,5813,5797,5931,5913,5975,6005,6003,6510,7011,6156,6341
209,5947,5846,5519,5829,6074,5863,6000,6094,6022,6050,6079,6551,7021,6136,6439
210,5913,5923,5539,5863,6030,5877,6020,6025,6100,6108,6084,6608,7056,6184,6404
211,6018,5882,5573,5858,6085,5916,6056,6146,6082,6123,6150,6662,7104,6196,6449
212,6018,5925,5583,5925,6186,5926,6093,6135,6127,6216,6114,6706,7195,6229,6501
213,6038,5963,5727,5974,6154,5978,6113,6237,6136,6184,6220,6853,7254,6270,6551
214,6033,5973,5698,5950,6178,5986,6207,6185,6229,6220,6177,6719,7206,6313,6588
215,6122,6003,5675,5976,6189,6008,6201,6349,6217,6264,6244,6816,7249,6305,6574
216,6115,6033,5702,6009,6256,6095,6276,6224,6314,6289,6253,6790,7286,6347,6650
217,6101,5776,5599,6140,6296,6080,6266,6407,6336,6391,6319,6875,7326,6371,6633
218,6059,5818,5642,6174,6263,6145,6400,6327,6338,6399,6392,6869,7376,6457,6705
219,6093,5906,5704,6214,6321,6176,6425,6459,6415,6489,6378,6928,7429,6485,6740
220,6180,5860,5740,6170,6351,6317,6432,6426,6474,6445,6359,6935,7464,6504,6788
221,6219,5916,5742,6314,6480,6269,6516,6576,6535,6510,6429,6982,7510,6497,6835
222,6199,5922,5736,6255,6350,6373,6473,6483,6505,6567,6431,7034,7579,6558,6868
223,6212,6007,5832,6302,6381,6312,6498,6578,6577,6549,6455,7051,7594,6552,6874
224,6236,5966,5794,6338,6469,6369,6600,6506,6657,6601,6551,7125,7597,6580,6933
225,6440,6179,5979,6473,6681,6386,6598,6657,6609,6652,6589,7188,7672,6633,6901
226,6470,6317,6030,6584,6759,6428,6704,6625,6677,6709,6704,7205,7770,6650,7010
227,6423,6248,6039,6508,6781,6441,6663,6723,6693,6714,6587,7213,7743,6673,6970
228,6493,6248,6046,6518,6781,6497,6660,6683,6698,6733,6625,7215,7750,6718,7008
229,6527,6273,6080,6545,6846,6506,6757,6807,6778,6779,6656,7269,7797,6738,7076
230,6558,6306,6106,6613,6843,6627,6791,6801,6819,6801,6746,7281,7833,6763,7128
231,6636,6422,6122,6621,6863,6602,6942,6913,6857,6873,6756,7330,7860,6796,7136
232,6667,6448,6196,6688,6973,6655,6810,6945,6864,6942,6810,7353,7916,6885,7213
233,7007,6783,6538,7003,7321,6726,6895,7006,6940,7033,6825,7434,8040,6911,7234
234,6991,6863,6606,7029,7323,6779,6940,6953,6970,7069,6872,7477,8035,6901,7232
235,7008,6827,6615,7019,7352,6762,6964,7046,7003,7043,6895,7508,8077,6971,7285
236,7061,6889,6634,7053,7376,6816,7026,7030,7046,7064,6960,7605,8170,7013,7390
237,7040,6835,6650,7044,7391,6832,7028,7105,7072,7101,6917,7529,8104,7018,7295
238,7060,6877,6665,7115,7386,6854,7072,7110,7125,7104,6971,7579,8131,7001,7347
239,7205,6982,6743,7137,7576,6936,7057,7161,7110,7143,6960,7606,8166,7030,7364
240,7213,6936,6713,7178,7492,6956,7088,7099,7184,7266,6993,7638,8257,7060,7449
241,7402,7221,7003,7441,7695,7054,7164,7261,7255,7295,7079,7709,8323,7112,7498
242,7496,7246,7003,7467,7717,7052,7197,7326,7268,7335,7112,7754,8341,7160,7537
243,7477,7288,7036,7526,7733,7117,7249,7355,7314,7389,7137,7796,8353,7169,7553
244,7535,7301,7062,7505,7780,7111,7295,7295,7381,7373,7164,7884,8424,7268,7580
245,7568,7389,7084,7575,7818,7173,7320,7420,7391,7440,7229,7854,8484,7251,7620
246,7645,7371,7138,7594,7894,7193,7376,7448,7477,7483,7240,7907,8483,7275,7634
247,7659,7420,7156,7603,7943,7223,7411,7498,7490,7550,7281,7940,8564,7306,7671
248,7689,7443,7184,7634,7957,7249,7441,7428,7522,7548,7321,7975,8560,7333,7730
249,7571,7307,7229,7684,7976,7353,7511,7538,7552,7621,7350,7998,8638,7390,7748
250,7590,7342,7085,7650,7984,7322,7547,7625,7673,7649,7449,8024,8659,7419,7809
251,7704,7432,7200,7774,8035,7357,7638,7686,7807,7690,7396,8107,8688,7445,7900
252,7724,7337,7192,7759,7975,7500,7666,7749,7716,7800,7579,8087,8722,7510,7892
253,7792,7441,7317,7907,8006,7402,7629,7692,7736,7724,7445,8169,8813,7550,7874
254,7766,7490,7610,7876,8082,7521,7735,7736,7814,7895,7519,8197,8840,7553,8013
255,7909,7568,7443,8030,8166,7480,7761,7754,7801,7813,7493,8178,8873,7533,7923
256,7976,7505,7608,8184,8289,7572,7733,7716,7878,7837,7531,8274,8842,7555,7960
257,8411,8144,8210,8419,8603,7551,7773,7836,7836,7864,7567,8309,8888,7603,8005
258,8247,7908,7725,8429,8494,7560,7803,7823,7880,7904,7597,8311,8938,7649,8042
259,8236,7980,7758,8374,8739,7583,7833,7929,7903,7935,7648,8348,8984,7696,8098
260,8462,8444,8038,8425,8861,7625,7877,7942,7951,8042,7741,8397,9025,7750,8126
261,8588,8591,8272,8425,9033,7638,7909,8047,7961,8004,7785,8444,9072,7793,8170
262,8516,8158,8045,8500,9026,7735,7946,7978,8011,8042,7753,8545,9120,7847,8208
263,8712,8261,8056,8586,9134,7774,7992,8064,8045,8081,7800,8571,9159,7894,8364
264,8727,8825,8708,8759,9099,7793,8027,8037,8115,8116,7850,8606,9259,7946,8295
265,8932,8867,8697,8922,9210,7844,8120,8149,8091,8200,7896,8622,9311,7991,8385
266,8768,8423,8232,8990,8998,7804,8090,8131,8197,8182,7967,8739,9294,8062,8379
267,8786,8627,8470,8958,9207,7871,8184,8229,8188,8210,7970,8771,9390,8083,8428
268,9237,9008,8777,9187,9439,7870,8226,8182,8207,8310,8006,8761,9441,8200,8532
269,9108,9012,8917,9281,9550,7873,8200,8357,8226,8279,8075,8803,9426,8184,8505
270,9061,8675,8651,9088,9293,7980,8286,8271,8315,8319,8089,8905,9499,8231,8543
271,8963,8753,8631,9230,9446,7947,8337,8381,8306,8416,8126,8897,9567,8337,8645
272,9326,9282,9088,9489,9578,7980,8314,8382,8331,8385,8162,8950,9552,8340,8631
273,9505,9331,9262,9689,9709,7990,8337,8468,8360,8433,8213,8991,9614,8381,8685
274,9399,9027,8925,9455,9658,8035,8374,8396,8399,8455,8240,9024,9640,8430,8728
275,9458,9078,8919,9521,9631,8082,8429,8550,8437,8491,8278,9078,9695,8483,8760
276,9708,9522,9352,9770,9928,8092,8453,8452,8466,8524,8348,9135,9730,8520,8805
277,9769,9564,9367,9810,9938,8111,8476,8622,8499,8557,8372,9162,9771,8567,8839
278,9473,9187,9023,9526,9671,8158,8507,8580,8541,8591,8398,9200,9832,8626,8894
279,9535,9198,8972,9644,9818,8178,8556,8697,8567,8621,8444,9259,9862,8684,8927
280,9866,9666,9499,9922,10177,8215,8593,8589,8607,8654,8481,9289,9922,8706,8960
281,10116,9931,9735,10202,10410,8232,8629,8767,8627,8691,8532,9355,9949,8765,9012
282,9850,9528,9316,9900,10102,8283,8657,8700,8668,8737,8568,9384,10005,8824,9051
283,9783,9618,9369,9932,10116,8301,8732,8843,8767,8767,8600,9438,10033,8867,9101
284,10158,9992,9792,10181,10540,8346,8735,8798,8743,8829,8647,9464,10151,8919,9133
285,10292,10061,9859,10268,10500,8432,8830,8916,8783,8895,8692,9514,10174,8969,9230
286,9990,9712,9478,10067,10292,8444,8863,8922,8813,8867,8740,9619,10158,8995,9212
287,10016,9767,9544,10091,10343,8442,8832,9048,8914,8907,8754,9651,10203,9049,9269
288,10417,10198,9969,10421,10742,8501,8882,8900,8883,8940,8974,9694,10250,9108,9324
289,10625,10400,10174,10684,10974,8504,8909,9066,8916,8980,8902,9733,10300,9141,9352
290,10298,10039,9820,10373,10578,8522,9000,9011,8965,9002,8893,9773,10336,9201,9388
291,10410,10044,9864,10399,10630,8590,8993,9196,9029,9034,8987,9803,10398,9253,9419
292,10789,10512,10294,10784,10992,8589,9016,9036,9084,9080,9022,9876,10448,9356,9486
293,10755,10506,10333,10824,11039,8607,9086,9228,9043,9113,9041,9905,10472,9363,9501
294,10420,10169,10037,10529,10731,8646,9126,9182,9092,9145,9054,9968,10538,9395,9562
295,10578,10208,10009,10620,10757,8670,9123,9345,9168,9189,9094,9967,10577,9463,9603
296,10910,10653,10445,10960,11252,8790,9158,9175,9208,9216,9151,10031,10602,9545,9637
297,11053,10838,10682,11164,11545,8753,9253,9426,9187,9311,9171,10088,10718,9534,9683
298,10739,10426,10263,10871,11024,8831,9227,9314,9231,9292,9221,10095,10745,9606,9783
299,10795,10505,10309,10898,11028,8915,9262,9460,9325,9356,9252,10117,10722,9655,9752
300,11163,10932,10736,11241,11548,8880,9314,9344,9300,9395,9327,10233,10808,9752,9818
301,11209,10949,10824,11323,11502,8865,9347,9558,9392,9456,9346,10205,10877,9773,9899
302,10844,10581,10383,10966,11182,8992,9383,9458,9395,9505,9417,10285,10870,9793,9891
303,10967,10569,10423,11010,11187,8934,9415,9672,9474,9487,9414,10307,10958,9846,9939
304,11341,11138,10882,11417,11837,9050,9497,9462,9447,9572,9454,10378,11033,9943,9978
305,11584,11322,11070,11641,12059,9051,9516,9644,9545,9552,9500,10381,11063,9985,10018
306,11198,10866,10743,11260,11482,9037,9570,9628,9550,9654,9540,10431,11107,9997,10096
307,11259,10950,10755,11325,11490,9104,9566,9825,9555,9632,9578,10485,11082,10022,10136
308,11684,11412,11162,11736,12127,9175,9615,9617,9603,9755,9654,10558,11138,10103,10156
309,11697,11425,11215,11798,12113,9132,9646,9898,9675,9703,9673,10561,11235,10162,10196
310,11351,11018,10858,11522,11670,9231,9662,9836,9676,9747,9692,10651,11226,10160,10215
311,11372,10998,10880,11471,11632,9292,9703,9951,9778,9813,9741,10627,11271,10233,10309
312,11824,11571,11327,11947,12416,9258,9765,9763,9765,9852,9819,10677,11299,10295,10378
313,11985,11772,11520,12167,12620,9275,9811,9993,9826,9861,9880,10770,11359,10401,10403
314,11617,11373,11145,11784,12078,9325,9900,9943,9869,9965,9875,10849,11408,10362,10386
315,11660,11395,11161,11788,12023,9444,9871,10078,9856,9932,9961,10817,11434,10486,10441
316,12076,11818,11600,12200,12677,9404,9902,9938,9934,9984,9950,10862,11480,10440,10476
317,12158,11887,11661,12253,12679,9417,9942,10002,9976,10021,10010,10902,11541,10514,10510
318,11770,11427,11264,11959,12209,9480,9989,10085,10003,10067,10048,10940,11581,10545,10596
319,11799,11468,11293,11956,12238,9503,10029,10248,10045,10102,10093,10973,11621,10595,10592
320,12214,11997,11773,12357,12889,9546,10063,10084,10086,10156,10114,11015,11665,10639,10678
321,12449,12242,11975,12490,12969,9558,10107,10325,10116,10151,10157,11133,11725,10683,10684
322,12087,11802,11568,12133,12480,9603,10132,10166,10159,10196,10192,11110,11743,10722,10762
323,12111,11843,11605,12174,12512,9607,10179,10392,10173,10221,10233,11153,11785,10835,10802
324,12556,12332,12074,12584,13044,9683,10216,10230,10217,10276,10273,11204,11843,10898,10806
325,12584,12366,12107,12594,13095,9671,10246,10466,10249,10337,10334,11231,11883,10919,10888
326,12198,11907,11675,12295,12620,9714,10278,10386,10294,10352,10359,11277,11924,10954,10890
327,12237,11966,11734,12328,12679,9740,10322,10561,10317,10378,10402,11346,11962,11021,10971
328,12708,12486,12217,12755,13312,9780,10343,10394,10353,10424,10462,11368,12004,11024,10972
329,12913,12756,12448,12926,13605,9783,10368,10636,10383,10446,10519,11416,12059,11138,11067
330,12677,12322,12041,12586,13063,9833,10427,10503,10431,10507,10539,11466,12099,11141,11124
331,12622,12358,12079,12633,13125,9860,10455,10719,10494,10555,10572,11525,12122,11178,11115
332,12994,12847,12526,13019,13624,9909,10490,10562,10517,10588,10651,11545,12183,11291,11155
333,13137,12897,12581,13131,13663,9918,10531,10842,10612,10631,10660,11585,12207,11362,11265
334,12734,12462,12133,12773,13275,9982,10556,10768,10652,10651,10696,11705,12280,11331,11286
335,12796,12532,12196,12799,13247,10013,10611,10946,10683,10700,10744,11673,12318,11390,11395
336,13201,13033,12770,13256,13916,10039,10642,10730,10660,10723,10784,11703,12423,11414,11399
337,13471,13190,12928,13389,14003,10167,10691,10932,10692,10806,10827,11756,12384,11572,11422
338,13139,12768,12523,13016,13428,10106,10704,10788,10764,10795,10926,11869,12433,11591,11428
339,13074,12816,12535,12992,13465,10122,10837,11069,10783,10902,10961,11908,12470,11632,11524
340,13629,13330,13099,13464,14030,10183,10797,10880,10836,10945,10945,11878,12510,11677,11562
341,13710,13425,13089,13543,14140,10219,10817,11143,10922,10913,11057,11930,12576,11695,11580
342,13238,12908,12632,13136,13585,10238,10919,11066,10979,10967,11096,12025,12602,11738,11594
343,13255,12907,12732,13170,13644,10266,10919,11215,10947,11077,11081,12052,12701,11721,11681
344,13764,13470,13252,13664,14381,10372,10943,10991,10968,11121,11128,12032,12760,11863,11712
345,13923,13769,13415,13874,14539,10445,11070,11263,11030,11176,11206,12160,12737,11875,11718
346,13527,13165,12939,13441,13885,10391,11002,11090,11099,11137,11206,12162,12796,11919,11717
347,13570,13197,12983,13502,13962,10411,11078,11354,11118,11186,11229,12168,12834,11902,11812
348,14031,13732,13498,13948,14564,10467,11116,11155,11166,11196,11259,12198,12893,11957,11867
349,14068,13761,13521,14071,14586,10535,11122,11406,11215,11237,11333,12255,12939,12024,11848
350,13709,13294,13073,13588,14027,10544,11183,11289,11249,11315,11365,12294,12976,12026,11916
351,13699,13326,13113,13625,14108,10576,11233,11502,11300,11334,11400,12347,13000,12125,11922
352,14239,13945,13684,14152,14766,10632,11245,11347,11361,11379,11466,12379,13027,12183,12027
353,14477,14098,13884,14384,15014,10634,11298,11576,11365,11408,11468,12408,13061,12152,12106
354,14009,13607,13396,13902,14329,10721,11318,11418,11397,11422,11513,12449,13124,12191,12155
355,14048,13659,13424,13956,14383,10711,11366,11652,11453,11487,11558,12514,13176,12213,12096
356,14560,14203,13988,14477,15001,10765,11409,11461,11496,11516,11586,12554,13210,12289,12219
357,14586,14229,14011,14517,15087,10769,11451,11742,11549,11562,11648,12588,13251,12325,12259
358,14173,13739,13521,14100,14543,10821,11481,11652,11571,11599,11686,12616,13320,12490,12308
359,14153,13765,13551,14167,14575,10864,11526,11831,11599,11650,11711,12652,13342,12512,12246
360,14728,14378,14140,14673,15207,10890,11544,11658,11655,11694,11763,12692,13368,12527,12310
361,14885,14572,14344,14835,15814,10918,11612,11897,11671,11719,11770,12759,13408,12493,12374
362,14419,14042,13844,14385,15204,10961,11613,11775,11726,11787,11835,12803,13501,12609,12512
363,14447,14118,13891,14414,15286,10990,11741,11994,11775,11853,11859,12868,13507,12671,12466
364,15015,14683,14475,14939,15847,11081,11805,11893,11897,11895,11921,12930,13550,12582,12504
365,15062,14723,14490,15049,15901,11079,11749,12112,11870,11903,11945,12903,13615,12651,12579
366,14697,14234,13984,14567,15401,11184,11790,11935,11962,11927,12040,13006,13633,12714,12660
367,14596,14217,14004,14662,15399,11308,11854,12118,11953,12004,12072,12991,13713,12774,12686
368,15233,14851,14637,15130,16083,11347,11915,11919,12069,11987,12060,13046,13742,12927,12709
369,15458,15084,14840,15376,16663,11241,11975,12206,12046,12052,12173,13108,13772,12833,12699
370,15003,14543,14386,14949,16119,11291,11950,12122,12132,12087,12221,13179,13824,12936,12799
371,15017,14516,14415,14920,16114,11400,12004,12286,12160,12143,12176,13132,13889,12927,12832
372,15510,15106,14928,15484,16664,11358,12087,12145,12158,12208,12263,13203,13949,12953,12878
373,15630,15226,14988,15544,16827,11466,12094,12405,12197,12222,12246,13269,13982,13003,12847
374,15178,14636,14501,15047,16254,11510,12145,12286,12276,12274,12318,13348,14012,13069,12945
375,15211,14671,14486,15136,16382,11531,12223,12446,12295,12295,12396,13366,14075,13098,12992
376,15725,15356,15109,15626,16999,11524,12152,12333,12344,12380,12380,13373,14126,13069,13040
377,16048,15638,15352,16332,17579,11606,12208,12484,12379,12418,12436,13446,14118,13093,13067
378,15583,15018,14869,15805,16858,11641,12249,12371,12496,12466,12518,13421,14191,13176,13092
379,15460,15056,14892,15886,16958,11614,12360,12648,12468,12512,12509,13494,14219,13305,13140
380,16142,15704,15427,16423,17567,11691,12335,12510,12523,12546,12582,13537,14231,13353,13208
381,16159,15728,15562,16417,17544,11710,12386,12675,12589,12555,12572,13615,14324,13289,13208
382,15740,15211,14974,15972,17087,11945,12446,12583,12674,12593,12617,13634,14382,13393,13267
383,15714,15221,14968,16042,17108,11888,12462,12739,12642,12661,12672,13682,14622,13483,13309
384,16372,15918,15631,16644,17843,11963,12491,12623,12683,12727,12684,13715,14429,13381,13375
385,16584,16176,15881,17293,18098,11843,12599,12849,12764,12787,12770,13706,14428,13471,13438
386,16002,15518,15328,16740,17386,11919,12634,12729,12801,12804,12824,13744,14497,13457,13469
387,16117,15542,15331,16741,17489,11920,12584,12961,12857,12769,12789,13804,14597,13606,13492
388,16686,16180,15988,17332,18119,12055,12652,12710,12898,12829,12836,13898,14709,13612,13559
389,16643,16255,16013,17464,18190,12036,12769,13048,12878,12945,12940,13881,14607,13596,13494
390,16196,15630,15461,16932,17506,12211,12725,12922,12963,12886,12915,13987,14687,13730,13488
391,16307,15683,15442,16885,17636,12096,12802,13132,12998,12944,12962,14007,14779,13651,13638
392,16948,16482,16148,17611,18450,12123,12831,12851,12988,13070,12994,14058,14740,13737,13675
393,17163,16737,16403,17879,18593,12101,12923,13182,13063,13049,13102,14119,14781,13822,13713
394,16567,16022,15798,17357,17815,12206,12919,12992,13108,13073,13159,14109,14815,13909,13728
395,16586,16025,15829,17346,17890,12192,12939,13274,13112,13173,13122,14103,14931,13989,13677
396,17208,16674,16468,17962,18630,12280,13005,13175,13160,13212,13220,14226,14967,13879,13817
397,17251,16756,16497,18052,18672,12274,13057,13381,13234,13228,13233,14179,14982,14028,13844
398,16797,16156,15930,17484,18090,12341,13168,13238,13297,13263,13207,14305,15053,14030,13839
399,16810,16154,15963,17563,18103,12408,13116,13535,13274,13369,13259,14316,15079,13991,13865
400,17432,16962,16653,18239,18957,12409,13148,13294,13312,13401,13368,14354,15128,14056,13937
401,17719,17262,16874,18432,19160,12376,13153,13561,13331,13396,13391,14418,15175,14202,13999
402,17161,16498,16245,17818,18355,12442,13253,13397,13433,13473,13404,14450,15238,14341,14112
403,17193,16610,16358,17915,18476,12495,13263,13628,13428,13512,13426,14463,15298,14288,14129
404,17844,17318,16999,18541,19193,12550,13332,13449,13530,13509,13503,14466,15277,14260,14087
405,17854,17375,17039,18545,19269,12509,13413,13730,13535,13532,13546,14569,15315,14249,14153
406,17240,16726,16422,18028,18587,12570,13415,13597,13619,13592,13537,14618,15425,14415,14198
407,17258,16749,16448,18110,18688,12653,13468,13820,13619,13635,13582,14624,15445,14479,14335
408,18088,17548,17151,18725,19505,12716,13508,13689,13658,13712,13682,14653,15443,14371,14312
409,18285,17864,17407,18926,19559,12678,13524,13949,13676,13762,13713,14713,15521,14542,14370
410,17600,17045,16763,18282,18843,12725,13541,13710,13747,13775,13679,14719,15512,14545,14328
411,17616,17073,16786,18355,18929,12745,13598,13980,13772,13827,13732,14769,15558,14484,14389
412,18262,17833,17502,18955,19620,12801,13649,13744,13824,13838,13747,14789,15603,14676,14372
413,18311,17851,17581,19008,19659,12817,13662,14072,13867,13867,13800,14831,15996,14605,14520
414,17747,17210,16882,18417,18996,12905,13707,13935,13920,13941,13843,14897,15703,14637,14437
415,17796,17240,16931,18517,19094,12972,13769,14177,13956,13961,13909,14937,15761,14726,14478
416,18565,18163,17715,19221,19919,12963,13796,14062,13996,14019,13927,14958,15813,14687,14571
417,18705,18416,17940,19422,20248,13158,13842,14254,14018,14068,13934,15005,15816,14898,14642
418,18094,17581,17235,18845,19452,13018,13869,14019,14085,14084,13979,15038,15881,14854,14723
419,18114,17650,17270,18863,19495,13038,13929,14344,14106,14146,14065,15116,15942,14899,14625
420,18754,18430,18064,19548,20182,13111,13955,14113,14145,14183,14099,15152,15983,14871,14837
421,18726,18462,18075,19564,20215,13108,14040,14412,14202,14241,14096,15159,16002,14892,14890
422,18302,17743,17373,19041,19617,13163,14055,14265,14247,14266,14140,15209,16068,14957,14845
423,18337,17789,17399,19066,19618,13214,14092,14533,14273,14366,14210,15276,16084,15024,14883
424,18988,18728,18223,19773,20528,13238,14110,14271,14327,14354,14232,15281,16139,15117,14855
425,19204,19037,18518,20092,20865,13259,14184,14605,14371,14428,14255,15320,16179,15190,15013
426,18606,18117,17767,19391,20030,13337,14190,14405,14407,14432,14336,15379,16259,15109,15056
427,18843,18284,17805,19386,20113,13410,14236,14697,14464,14518,14372,15389,16306,15246,14936
428,19271,18956,18627,20060,20838,13447,14255,14578,14506,14535,14370,15438,16336,15308,15103
429,19303,18990,18667,20118,20914,13442,14347,14805,14552,14576,14416,15535,16341,15209,15126
430,18761,18350,17905,19548,20204,13495,14366,14742,14606,14622,14441,15520,16406,15283,15142
431,18988,18367,17958,19650,20298,13530,14432,14900,14640,14737,14520,15608,16483,15370,15270
432,19630,19292,18798,20370,21148,13569,14493,14620,14686,14703,14528,15625,16515,15323,15306
433,19968,19563,19054,20591,21348,13635,14480,14970,14712,14809,14552,15660,16534,15433,15173
434,19416,18707,18308,19893,20515,13671,14529,14777,14766,14837,14627,15705,16617,15514,15323
435,19157,18759,18354,19956,20553,13675,14614,15040,14823,14869,14647,15737,16617,15481,15392
436,19975,19586,19201,20736,21359,13765,14636,14943,14848,14906,14710,15794,16646,15480,15317
437,20021,19632,19240,20783,21377,13781,14694,15149,14907,14970,14706,15826,16691,15555,15334
438,19374,18884,18457,20131,20664,13855,14732,14972,14960,14966,14752,15872,16749,15608,15394
439,19340,18926,18503,20125,20732,13872,14777,15205,15002,15019,14788,15874,16787,15599,15402
440,20228,19913,19376,20932,21740,14000,14799,15080,15039,15087,14832,15953,16835,15773,15445
441,20307,20164,19624,21240,21891,14009,14869,15334,15099,15122,14841,15968,16862,15833,15598
442,19702,19236,18829,20471,20996,14026,14915,15162,15157,15187,14898,16022,16959,15852,15663
443,19745,19315,18872,20443,21125,14045,14952,15397,15196,15203,14956,16037,16991,15752,15609
444,20356,20065,19689,21303,21884,14121,14996,15180,15232,15232,14978,16113,17006,15823,15711
445,20568,20122,19724,21410,21987,14135,15012,15487,15279,15294,14987,16156,17081,15831,15676
446,19946,19402,19008,20664,21271,14222,15059,15423,15331,15329,15040,16163,17100,16027,15782
447,20000,19497,19025,20602,21300,14227,15131,15543,15367,15387,15128,16218,17155,16003,15829
448,20751,20467,19936,21564,22284,14284,15173,15374,15413,15429,15119,16250,17216,16108,15887
449,21086,20712,20144,21830,22544,14287,15158,15626,15442,15496,15167,16277,17214,16127,15836
450,20328,19829,19357,21007,21612,14343,15224,15516,15482,15517,15191,16320,17276,16204,15882
451,20343,19878,19420,21023,21664,14373,15238,15711,15528,15551,15231,16375,17318,16060,15868
452,20887,20679,20257,21969,22485,14427,15321,15503,15566,15590,15273,16447,17376,16252,15949
453,20953,20729,20287,21993,22682,14512,15389,15712,15607,15663,15287,16449,17395,16234,15960
454,20307,19976,19474,21181,21845,14493,15404,15748,15667,15704,15327,16496,17428,16220,16147
455,20532,20035,19555,21148,21910,14519,15465,15915,15708,15772,15425,16523,17539,16226,16051
456,21154,21012,20459,22166,22846,14582,15469,15760,15769,15784,15414,16592,17551,16401,16214
457,21472,21196,20671,22506,23065,14759,15506,16015,15770,15842,15460,16638,17611,16323,16178
458,20531,20270,19804,21544,22169,14642,15538,15842,15834,15873,15526,16653,17618,16339,16273
459,20511,20319,19832,21607,22203,14667,15596,16119,15872,15934,15553,16734,17651,16453,16213
460,21444,21111,20729,22501,23119,14741,15633,15950,15918,15982,15568,16781,17718,16400,16268
461,21556,21160,20778,22554,23181,14758,15689,16190,15965,16014,15608,16796,17774,16483,16417
462,20681,20468,19977,21806,22394,14830,15711,16063,16009,16063,15667,16820,17847,16618,16452
463,20861,20487,20014,21820,22319,14856,15725,16305,16060,16094,15683,16869,17880,16692,16342
464,21720,21495,21026,22762,23467,14899,15783,16043,16103,16165,15718,16928,17930,16606,16549
465,21817,21828,21270,23030,23744,14938,15815,16388,16133,16182,15793,16940,17953,16631,16449
466,21254,20900,20363,22218,22762,14971,15860,16155,16191,16223,15809,17022,17952,16662,16582
467,21461,20926,20407,22084,22818,15099,15972,16526,16225,16276,15855,17073,18066,16679,16675
468,21935,21810,21381,23116,23751,15111,15943,16253,16261,16317,15929,17078,18075,16779,16558
469,22004,21875,21431,23159,23829,15086,16024,16567,16324,16386,15917,17132,18122,16804,16588
470,21586,21086,20480,22278,22925,15184,16068,16454,16367,16415,15964,17172,18173,16888,16768
471,21703,21124,20536,22240,23013,15246,16106,16666,16406,16467,16045,17194,18225,16891,16841
472,22456,22217,21656,23383,24069,15280,16135,16420,16451,16528,16059,17279,18299,16991,16884
473,22565,22373,21953,23714,24418,15267,16194,16755,16490,16543,16130,17281,18291,16973,16910
474,21569,21338,20864,22608,23346,15411,16230,16667,16539,16617,16155,17356,18376,17045,16799
475,21511,21371,20897,22695,23376,15388,16247,16834,16595,16637,16161,17359,18364,17185,16834
476,22660,22393,22027,23877,24383,15453,16322,16620,16623,16675,16232,17416,18440,17035,16972
477,22816,22458,22020,23938,24453,15473,16364,16903,16679,16718,16241,17453,18454,17137,16899
478,21653,21491,20995,22810,23477,15546,16379,16859,16945,16786,16281,17502,18519,17144,16940
479,22009,21528,21042,22826,23558,15612,16457,17011,16790,16818,16314,17519,18557,17175,17012
480,22980,22616,22118,23957,24768,15619,16456,16797,16827,16856,16369,17581,18599,17425,17129
481,23030,23082,22332,24314,25000,15662,16537,17114,16861,16905,16380,17631,18655,17434,17127
482,22177,22029,21362,23190,23880,15849,16564,17028,16910,16957,16445,17669,18690,17285,17241
483,22594,22064,21417,23308,23923,15724,16601,17216,16955,16993,16499,17708,18736,17394,17337
484,23188,23118,22396,24422,24955,15780,16666,16987,17001,17020,16484,17742,18764,17430,17328
485,23136,23222,22430,24471,24988,15800,16698,17286,17044,17102,16559,17771,18805,17506,17240
486,22150,22202,21533,23489,24037,15931,16695,17194,17073,17130,16580,17825,18871,17457,17302
487,22453,22263,21545,23377,24127,15920,16751,17373,17118,17173,16623,17851,18921,17500,17506
488,23328,23425,22615,24625,25345,15995,16776,17275,17165,17212,16636,17994,18973,17677,17327
489,23868,23514,22975,24895,25640,15984,16858,17435,17217,17259,16687,17948,19007,17718,17567
490,23163,22469,21901,23801,24461,16045,16995,17394,17262,17309,16733,18000,19013,17585,17569
491,23195,22472,21948,23783,24496,16082,16944,17526,17328,17368,16784,18010,19073,17621,17476
492,23774,23401,23019,24937,25601,16144,16943,17353,17362,17392,16812,18047,19102,17841,17508
493,23826,23438,23094,25028,25611,16184,17005,17603,17399,17442,16874,18118,19167,17826,17715
494,23295,22595,22111,23991,24643,16250,17068,17511,17446,17480,16889,18147,19232,17768,17734
495,22703,22672,22129,23956,24697,16361,17109,17674,17493,17537,16912,18176,19251,17771,17685
496,24222,23881,23267,25280,26022,16348,17130,17569,17545,17582,16939,18221,19295,17833,17829
497,24248,24560,23609,25543,26345,16386,17186,17781,17582,17608,16981,18313,19362,17959,17896
498,23470,23267,22467,24408,25152,16420,17202,17638,17632,17659,17027,18300,19404,18026,17782
499,23312,23378,22530,24488,25214,16531,17248,17842,17660,17704,17096,18341,19422,17949,17980
500,24257,24473,23679,25680,26360,16567,17284,17696,17717,17733,17132,18384,19514,18175,17908
501,24311,24620,23715,25733,26387,16560,17321,17924,17766,17781,17177,18450,19538,18118,18042
502,23568,23487,22677,24680,25316,16622,17384,17824,17800,17843,17184,18531,19563,18064,17888
503,23592,23567,22693,24724,25395,16653,17402,17999,17848,17872,17209,18524,19650,18171,18115
504,24639,24988,23934,25891,26723,16733,17487,17887,17881,17922,17289,18555,19754,18273,17986
505,24975,24772,24180,26291,26958,16912,17528,18082,17924,17953,17295,18598,19739,18349,18183
506,24056,23651,23060,25100,25651,16839,17572,18030,17979,18025,17367,18672,19755,18287,18068
507,23955,23650,23112,25044,25687,16864,17612,18151,18018,18044,17377,18678,19832,18276,18083
508,24877,24688,24249,26350,26896,16956,17656,18046,18081,18086,17420,18696,19854,18459,18135
509,24957,24733,24292,26433,26950,17186,17700,18224,18106,18137,17446,18761,19897,18329,18210
510,24379,23828,23216,25227,25887,17058,17741,18142,18179,18178,17494,18825,19943,18387,18440
511,24308,23883,23263,25285,25907,17044,17786,18303,18211,18205,17544,18852,19960,18556,18245
512,25267,25106,24509,26648,27268,17075,17802,18179,18244,18239,17576,18902,20038,18636,18425
513,25640,26084,24879,26876,27569,17072,17857,18398,18248,18296,17653,18974,20082,18902,18351
514,24315,24564,23605,25695,26304,17184,17887,18361,18315,18330,17636,19007,20163,18588,18612
515,24472,24547,23649,25704,26377,17163,17937,18483,18361,18375,17702,19051,20180,18602,18407
516,25534,26095,24890,26969,27530,17199,17967,18465,18407,18428,17760,19130,20231,18806,18514
517,25585,25737,24946,26987,27568,17214,18055,18563,18423,18442,17807,19133,20243,18687,18665
518,24818,24782,23814,25946,26516,17278,18073,18553,18478,18486,17865,19195,20318,18729,18709
519,25010,24885,23822,25961,26556,17328,18092,18688,18495,18526,17916,19263,20399,18955,18841
520,25989,26321,25172,27219,27963,17323,18135,18629,18566,18586,17931,19290,20471,18975,18874
521,26220,26167,25444,27626,28306,17333,18182,18771,18586,18602,17960,19338,20447,18875,18713
522,24870,24837,24184,26423,26999,17387,18190,18711,18629,18641,18028,19384,20494,18991,18955
523,25374,24881,24243,26514,27010,17451,18258,18863,18695,18701,18049,19427,20603,19190,18843
524,26255,26165,25522,27756,28277,17466,18280,18779,18695,18739,18089,19506,20667,19098,18860
525,26250,26092,25564,27783,28322,17489,18338,18960,18743,18786,18172,19508,20653,19026,18975
526,25572,24985,24388,26694,27177,17534,18368,18877,18796,18816,18235,19564,20707,19271,18975
527,25385,25131,24426,26720,27221,17662,18398,19042,18835,18850,18238,19663,20788,19156,19178
528,26578,26602,25782,28077,28692,17674,18456,18900,18860,18894,18270,19692,20820,19327,19274
529,26909,27383,26143,28340,29034,17612,18487,19146,18892,18930,18331,19703,20855,19376,19152
530,25577,25730,24803,27099,27669,17670,18529,19049,18917,19014,18410,19766,20916,19295,19122
531,25786,25778,24825,27135,27705,17700,18609,19253,18987,19015,18415,19838,20973,19504,19201
532,26824,26945,26202,28418,29011,17737,18590,19118,18998,19057,18466,19886,21004,19514,19224
533,26905,27186,26272,28463,29028,17759,18658,19355,19059,19086,18521,19925,21062,19449,19386
534,25772,25996,24980,27325,27891,17859,18688,19324,19087,19149,18573,20000,21112,19661,19516
535,25912,25963,25027,27439,27926,17920,18709,19435,19132,19173,18582,20048,21143,19549,19380
536,27242,27830,26501,28694,29394,17887,18769,19244,19154,19230,18635,20071,21186,19585,19396
537,27520,27268,26697,29113,29859,17902,18803,19517,19208,19249,18669,20146,21275,19634,19519
538,26485,25882,25414,27910,28441,17961,18842,19359,19249,19294,18717,20158,21297,19656,19669
539,26341,25947,25492,27944,28449,18019,18894,19592,19247,19333,18811,20222,21359,19741,19737
540,27511,27163,26759,29159,29782,18051,18920,19462,19319,19373,18856,20271,21438,19780,19796
541,27546,27145,26795,29158,29853,18059,18987,19718,19352,19413,18862,20305,21429,20037,19737
542,26852,26069,25608,28061,28646,18307,18999,19572,19395,19444,18905,20335,21477,19943,19662
543,26479,26127,25660,28083,28679,18182,19019,19794,19442,19495,18984,20404,21534,19901,19685
544,27923,27641,27005,29542,30254,18204,19082,19687,19471,19543,18995,20432,21618,19976,19787
545,28180,27878,27327,29754,30578,18235,19097,19875,19513,19555,19074,20494,21664,20010,19812
546,27153,26462,26014,28544,29093,18304,19172,19772,19565,19619,19099,20539,21667,20301,20083
547,27451,26496,26081,28825,29222,18274,19348,19985,19597,19706,19140,20604,21711,20124,19894
548,28500,27936,27616,30052,30639,18325,19410,19757,19744,19873,19384,20650,21905,20264,20138
549,28353,27907,27881,30289,30768,18572,19578,20250,19755,19793,19469,20974,21964,20888,20147
550,27692,26746,26262,28854,29493,18434,19347,19929,20023,20108,19383,20869,21969,20391,20588
551,27362,27044,26630,29165,29568,18736,19425,20583,20140,19980,19689,21090,22387,20986,20621
552,28930,28784,28041,30345,31297,18861,19590,20345,19990,20110,19744,21270,22541,21036,20815
553,29226,28944,28368,30912,31356,18787,19812,20733,19815,19965,20009,21254,22638,21116,20692
554,27916,27490,26949,29906,30047,18754,19739,20338,20176,20229,19514,21313,22370,20980,20857
555,27941,27223,26715,29336,29874,18578,19547,20414,19917,20012,19534,21026,22147,20689,20425
556,28876,28522,28045,30636,31365,18763,19648,20287,19992,20039,19551,21070,22194,20784,20409
557,28888,28567,28181,30686,31396,18703,19633,20463,20025,20071,19643,21117,22347,20702,20532
558,28096,27389,26902,29567,30045,18764,19611,20358,20076,20130,19741,21109,22311,20709,20528
559,28182,27388,26923,29570,30089,18800,19744,20543,20077,20180,19711,21180,22345,20664,20564
560,29283,28999,28380,30924,31791,18849,19740,20334,20125,20184,19753,21254,22402,20919,20642
561,29613,29294,28732,31233,32083,18898,19789,20631,20121,20235,19799,21285,22443,20872,20650
562,28426,27745,27241,29976,30499,18868,19775,20508,20138,20218,19817,21315,22488,20961,20707
563,28586,27848,27329,30019,30514,18885,19812,20693,20180,20288,19831,21329,22490,20820,20673
564,29564,29131,28716,31307,32078,19095,19906,20431,20286,20359,19902,21435,22532,21199,20935
565,29532,29100,28764,31408,32115,18976,19899,20523,20278,20345,19930,21415,22644,20935,20880
566,28633,27965,27471,30206,30728,19032,19912,20670,20314,20384,19989,21465,22638,20964,20960
567,28761,28002,27526,30314,30779,19061,19991,20832,20364,20420,20013,21549,22657,20976,20822
568,29906,29621,28970,31587,32489,19179,20016,20710,20405,20469,20039,21585,22711,21058,20852
569,30240,29903,29282,31917,32867,19136,20040,20953,20403,20484,20122,21569,22765,21115,20870
570,29181,28430,27906,30674,31144,19285,20069,20849,20508,20531,20117,21653,22804,21206,21009
571,29317,28472,27995,30776,31278,19227,20207,21006,20495,20576,20201,21711,22867,21259,21045
572,30277,29756,29488,32062,32860,19312,20229,20822,20580,20671,20273,21808,22978,21237,21050
573,30344,29890,29501,32097,32970,19371,20317,21092,20651,20662,20311,21787,22998,21458,21110
574,29512,28637,28203,30986,31436,19443,20289,21063,20689,20745,20357,21871,23062,21354,21158
575,29535,28766,28225,31080,31519,19529,20337,21164,20702,20794,20407,21931,23063,21519,21221
576,30741,30335,29664,32410,33305,19487,20389,21009,20704,20832,20458,21967,23114,21538,21339
577,31010,30658,29995,32677,33662,19546,20418,21252,20820,20826,20492,22052,23227,21518,21469
578,29928,29097,28604,31465,32008,19526,20447,21197,20819,20893,20549,22082,23266,21771,21410
579,30063,29258,28654,31578,32005,19556,20770,21418,20834,21062,20624,22097,23336,21585,21440
580,30874,30390,30083,32825,33596,19673,20470,21152,20897,20985,20644,22155,23474,21731,21480
581,31135,30587,30136,32851,33794,19749,20561,21568,20953,21013,20689,22245,23400,21866,21503
582,30093,29414,28800,31878,32309,19742,20700,21368,21037,21047,20814,22271,23465,21883,21480
583,30158,29590,28861,31804,32313,19675,20813,21609,21053,21087,20782,22366,23484,21768,21834
584,31441,30999,30367,33112,34017,19861,20719,21418,21050,21139,20904,22399,23560,21905,21956
585,31749,31454,30700,33563,34461,19858,20743,21744,21037,21197,21002,22453,23685,22059,21733
586,30588,29950,29250,32237,32730,19808,20751,21516,21102,21252,20945,22476,23680,22090,21974
587,30652,29807,29263,32239,32681,19949,20836,21802,21171,21197,20976,22544,23651,22036,21755
588,31563,31099,30722,33551,34432,19946,20848,21540,21174,21303,20990,22553,23800,22103,21896
589,31678,31100,30816,33630,34414,19935,20863,21891,21241,21340,21056,22603,23763,22183,21832
590,30940,30030,29453,32759,33229,19994,21083,21696,21560,21596,21046,23083,23839,22107,21973
591,31056,30336,29791,32809,33252,20296,21252,22188,21591,21635,21419,23020,24171,22328,22279
592,32370,32200,31400,34137,35115,20334,21249,21932,21504,21687,21540,23014,24310,22563,22537
593,32831,32220,31571,34569,35594,20224,21327,22177,21691,21761,21314,23242,24260,22671,22325
594,31351,30768,30270,33266,33818,20446,21308,22114,21688,21788,21607,23154,24406,22705,22626
595,31381,30807,30269,33295,33571,20477,21354,22448,21746,21745,21643,23192,24501,22749,22665
596,32608,31875,31621,34294,35162,20391,21226,22037,21730,21760,21596,23089,24258,22743,22477
597,32439,31788,31576,34337,35205,20347,21149,22242,21571,21660,21429,22947,24132,22559,22377
598,31582,30954,30502,33448,33927,20681,21386,22150,21867,21855,21740,23183,24598,22963,22430
599,31649,31072,30522,33566,33907,20624,21636,22665,21930,22043,21818,23431,24680,22939,23026
600,32809,32832,32040,34769,35788,20590,21525,22213,21812,22060,21812,23289,24740,22774,22490
601,33309,33046,32204,35023,36193,20916,21522,22743,21872,21892,21794,23274,24675,22990,22763
602,31990,31313,30670,33754,34060,20654,21490,22247,21875,21936,21832,23143,24617,22878,22523
603,31843,31226,30609,33769,33992,20552,21453,22494,21758,21862,21704,23258,24537,22842,22565
604,32918,32429,32264,34920,35929,20842,21474,22307,21806,21899,21837,23245,24497,23064,22447
605,33078,32569,32237,35032,35975,20681,21572,22568,21890,21973,21830,23325,24528,22762,22641
606,32038,31294,30788,33875,34383,20658,21562,22402,21901,22033,21814,23363,24593,22811,22616
607,32254,31438,30756,33885,34403,20725,21598,22578,21992,22026,21829,23405,24615,22910,22760
608,33521,33185,32432,35324,36336,20756,21681,22451,22048,22055,21869,23420,24690,22945,22710
609,33811,33523,32767,35657,36746,20948,21728,22778,22035,22137,21919,23750,24717,22999,22822
610,32685,31707,31233,34283,34900,20998,21684,22572,22048,22119,21930,23471,24761,23128,22814
611,32633,31766,31224,34315,34927,20799,21762,22768,22092,22155,21954,23533,24796,23169,22792
612,33688,33176,32830,35718,36707,20939,21784,22589,22120,22208,21993,23565,24838,23052,22994
613,33717,33242,32881,35817,36749,21097,21836,22890,22171,22251,22064,23612,24868,23346,22957
614,32784,31933,31362,34551,35150,21013,21852,22666,22221,22290,22086,23690,24916,23269,22948
615,32953,32004,31420,34565,35189,20985,21905,22935,22251,22327,22124,23693,25065,23158,23013
616,34201,33779,33112,36035,37171,21035,21940,22740,22288,22372,22182,23753,25017,23355,23010
617,34559,34177,33420,36409,37485,21067,22001,23001,22316,22405,22221,23806,25072,23363,23169
618,33346,32415,31852,34922,35605,21144,22009,22837,22386,22436,22286,23846,25110,23745,23085
619,33421,32470,31893,35060,35674,21141,22049,23112,22378,22482,22304,23915,25142,23556,23168
620,34437,33876,33526,36471,37386,21247,22089,22810,22478,22539,22346,23937,25176,23424,23186
621,34516,33938,33587,36518,37519,21241,22153,23191,22486,22564,22387,24011,25252,23436,23391
622,33592,32643,32084,35214,35865,21293,22163,22997,22520,22599,22436,24057,25308,23538,23407
623,33615,32661,32104,35308,35870,21315,22234,23248,22578,22637,22478,24061,25361,23492,23495
624,34950,34539,33791,36801,37852,21384,22255,22947,22616,22676,22509,24095,25378,23564,23598
625,35313,34840,34125,37059,38114,21406,22323,23351,22638,22719,22583,24150,25437,23604,23443
626,34007,33143,32496,35748,36283,21611,22326,23065,22701,22742,22632,24187,25453,23722,23665
627,34044,33178,32589,35693,36280,21498,22392,23457,22736,22807,22679,24247,25634,23928,23515
628,35154,34633,34240,37173,38108,21553,22425,23152,22746,22821,22712,24288,25560,23786,23556
629,35221,34733,34302,37221,38151,21551,22478,23541,22843,22875,22743,24358,25608,23949,23789
630,34192,33326,32759,35857,36495,21617,22481,23287,22853,22907,22816,24409,25668,23983,23854
631,34254,33420,32788,35950,36580,21651,22609,23595,22910,22961,22827,24419,25710,23892,23696
632,35683,35262,34521,37498,38578,21709,22597,23358,22924,22995,22886,24470,25734,24083,23801
633,36120,35637,34903,37850,38899,21716,22640,23725,22961,23043,22965,24533,25800,23987,23999
634,34754,33849,33258,36388,36869,21841,22658,23520,23014,23201,22948,24574,25878,24080,24005
635,34789,33904,33298,36468,37022,21854,22746,23762,23085,23115,23041,24667,25878,24304,23911
636,35918,35409,35003,37938,38840,21911,22751,23492,23091,23152,23055,24669,25948,24086,24092
637,35947,35431,35049,37967,38863,21903,22800,23867,23136,23179,23087,24680,26031,24222,24177
638,34961,34073,33448,36596,37193,21951,22834,23687,23177,23240,23114,24739,26030,24399,24154
639,35181,34102,33511,36763,37249,21985,22879,23939,23221,23285,23191,24801,26135,24368,24251
640,36478,35990,35258,38278,39291,22077,22934,23741,23276,23314,23237,24835,26141,24330,24198
641,36887,36416,35610,38555,39662,22041,23002,24018,23298,23333,23266,24905,26239,24504,24343
642,35526,34569,33927,37135,37641,22085,23020,23780,23331,23394,23342,24926,26192,24423,24306
643,35658,34653,34000,37192,37742,22113,23050,24136,23382,23427,23357,25019,26321,24452,24313
644,36702,36134,35713,38619,39592,22171,23079,23816,23400,23474,23396,25011,26338,24466,24446
645,36752,36206,35778,38744,39645,22209,23089,24204,23473,23503,23440,25073,26417,24540,24304
646,35792,34813,34151,37369,37951,22283,23152,24088,23461,23553,23508,25121,26433,24621,24426
647,35854,34834,34198,37472,37979,22270,23197,24176,23518,23591,23522,25157,26507,24685,24402
648,37245,36782,36005,38927,40095,22367,23226,24062,23570,23629,23587,25225,26538,24723,24514
649,37647,37154,36366,39322,40231,22327,23264,24355,23582,23660,23640,25253,26603,24753,24697
650,36278,35261,34650,37892,38323,22416,23290,24220,23632,23715,23678,25321,26632,24853,24594
651,36340,35359,34717,37957,38339,22411,23352,24467,23687,23730,23760,25348,26648,24794,24581
652,37491,36860,36465,39432,40175,22481,23379,24254,23726,23781,23758,25398,26703,25133,24847
653,37499,36906,36560,39546,40208,22554,23453,24530,23785,23803,23794,25453,26740,24903,24783
654,36470,35537,34868,38107,38499,22565,23430,24328,23823,23877,23833,25515,26777,24935,24864
655,36671,35567,34938,38230,38561,22580,23513,24655,23859,23919,23888,25546,26831,25065,25007
656,38062,37592,36742,39793,40658,22733,23568,24434,23842,23947,23958,25614,26895,25028,24901
657,38429,37926,37090,40028,41013,22641,23598,24702,23938,23981,23963,25641,26944,25183,25018
658,36994,35974,35352,38492,38941,22910,23601,24479,24039,24067,24021,25679,27019,25159,25011
659,36951,36132,35354,38561,39009,22729,23682,24834,23976,24063,24069,25743,27034,25301,24923
660,38207,37594,37155,40081,40922,22790,23691,24490,24020,24101,24143,25786,27070,25216,25033
661,38242,37697,37229,40175,40984,22806,23728,24867,24068,24130,24140,25810,27124,25396,25135
662,37227,36245,35519,38713,39188,23078,23736,24635,24103,24178,24220,25865,27198,25364,25081
663,37236,36308,35607,38859,39228,22959,23822,24999,24144,24231,24271,25921,27203,25351,25116
664,38768,38256,37419,40396,41382,22968,23846,24663,24170,24258,24290,25962,27275,25485,25388
665,39119,38614,37755,40672,41599,22999,23903,25016,24231,24292,24350,26025,27313,25437,25354
666,37722,36744,35997,39256,39545,23054,23900,24785,24273,24324,24353,26052,27333,25495,25271
667,37619,36684,36046,39180,39588,23077,23986,25146,24287,24370,24434,26108,27393,25713,25541
668,38944,38299,37813,40741,41584,23168,24057,24839,24370,24443,24480,26154,27470,25865,25449
669,39001,38357,37913,40828,41603,23235,24084,25200,24427,24465,24533,26203,27467,25629,25343
670,37922,37012,36247,39460,39768,23206,24096,24991,24470,24525,24556,26236,27539,25686,25554
671,38009,37036,36307,39411,39817,23242,24160,25321,24511,24538,24609,26316,27569,25800,25652
672,39492,39016,38150,41136,42034,23302,24195,25011,24546,24573,24627,26313,27631,25784,25600
673,39855,39305,38464,41329,42315,23372,24205,25420,24525,24617,24690,26372,27731,26000,25649
674,38403,37471,36789,39760,40186,23365,24251,25118,24599,24651,24724,26417,27753,25835,25850
675,38491,37500,36740,39849,40242,23405,24343,25482,24641,24685,24797,26479,27784,25896,25784
676,39680,39072,38571,41441,42253,23524,24338,25225,24701,24737,24824,26501,27801,26161,25891
677,39736,39139,38612,41453,42309,23476,24349,25568,24725,24771,24863,26553,27888,26103,25810
678,38643,37726,36906,39990,40397,23542,24399,25447,24747,24821,24938,26605,27935,26283,26027
679,38648,37698,36975,40039,40551,23603,24478,25656,24781,24852,24939,26657,28022,26139,25927
680,40288,39731,38836,41734,42742,23782,24480,25328,24847,24911,24998,26694,28019,26164,26057
681,40764,40151,39263,42124,42867,23718,24558,25712,24895,24967,25047,26773,28055,26179,25970
682,39195,38212,37421,40475,40711,23721,24580,25405,24930,24986,25086,26795,28125,26238,26259
683,39271,38227,37474,40584,40865,23778,24640,25804,24961,25000,25159,26860,28142,26288,26144
684,40482,39836,39337,42151,42853,23849,24680,25547,25015,25064,25210,26885,28200,26424,26064
685,40566,39899,39377,42243,42894,23893,24751,25910,25079,25108,25232,26944,28246,26646,26265
686,39415,38410,37654,40764,41014,23974,24742,25734,25076,25129,25263,26954,28276,26571,26292
687,39557,38478,37727,40815,41059,24033,24835,25972,25146,25182,25295,27018,28384,26734,26408
688,41069,40533,39656,42555,43367,23986,24855,25714,25193,25226,25356,27078,28382,26571,26590
689,41482,40914,40103,42929,43657,24061,24899,26090,25214,25265,25398,27120,28414,27196,26638
690,39988,38971,38165,41339,41549,24088,24924,25807,25282,25314,25452,27161,28499,26626,26424
691,40047,38998,38212,41383,41573,24215,24969,26214,25327,25357,25477,27190,28561,26796,26355
692,41247,40640,40072,43019,43522,24374,25016,25753,25348,25405,25526,27233,28550,26679,26555
693,41328,40738,40187,43076,43707,24259,25050,25958,25379,25435,25569,27289,28634,26785,26500
694,40155,39119,38366,41660,41755,24339,25109,25976,25413,25473,25614,27340,28667,26974,26606
695,40248,39192,38468,41635,41867,24398,25168,26309,25480,25527,25676,27372,28735,26841,26610
696,41865,41349,40412,43419,44140,24353,25214,25989,25515,25552,25717,27419,28759,26874,26882
697,42265,41722,40773,43764,44527,24424,25250,26429,25552,25592,25731,27527,28787,27159,26646
698,40748,39692,38896,42061,42348,24437,25299,26143,25610,25625,25828,27535,28862,27152,26818
699,40855,39690,38954,42245,42426,24440,25343,26404,25656,25666,25804,27559,28905,27093,26924
700,42124,41422,40884,43866,44491,24552,25393,26145,25692,25704,25850,27620,28986,27047,27017
701,42140,41503,40981,43929,44551,24634,25427,26504,25749,25734,25926,27658,29025,27135,27019
702,41078,39936,39131,42311,42613,24606,25416,26314,25775,25781,25959,27699,29063,27144,26861
703,41240,39911,39209,42435,42654,24825,25492,26602,25811,25828,26019,27730,29086,27375,26906
704,42706,42146,41211,44252,44989,24683,25524,26315,25855,25864,26042,27779,29121,27272,27097
705,43074,42483,41544,44592,45468,24726,25574,26697,25907,25897,26097,27832,29191,27329,26985
706,41525,40377,39634,42937,43180,24785,25598,26484,25956,25940,26132,27904,29231,27332,27049
707,41543,40411,39673,43007,43208,24791,25693,26783,25984,25985,26156,27933,29307,27470,27115
708,42879,42219,41640,44654,45381,24874,25712,26479,26039,26030,26256,27979,29314,27683,27224
709,42943,42306,41718,44776,45460,24887,25773,26874,26058,26093,26254,28080,29356,27571,27464
710,41562,40647,39881,43238,43536,24957,25733,26662,26088,26117,26345,28051,29408,27550,27291
711,41860,40653,39954,43275,43513,25023,25810,26921,26130,26165,26347,28099,29458,27820,27347
712,43537,42920,41938,45040,45912,25056,25859,26673,26183,26197,26428,28161,29549,27797,27409
713,43939,43334,42365,45484,46371,25062,25898,27034,26240,26226,26463,28253,29576,27648,27624
714,42323,41154,40394,43804,44068,25156,25913,26808,26247,26262,26483,28254,29592,27690,27399
715,42295,41194,40473,43828,44121,25179,25982,27116,26318,26294,26580,28287,29639,27858,27445
716,43758,43052,42487,45585,46268,25223,26052,26906,26352,26360,26585,28324,29717,27933,27670
717,43772,43076,42551,45640,46527,25219,26080,27206,26420,26400,26623,28372,29792,27883,27637
718,42515,41311,40636,44058,44355,25263,26063,27122,26440,26434,26683,28446,29828,28142,27636
719,42588,41442,40644,44122,44402,25380,26141,27342,26486,26497,26743,28488,29873,28022,27650
720,44347,43763,42823,45970,46803,25383,26209,27017,26526,26543,26762,28548,29922,27996,27734
721,44719,44175,43191,46364,47124,25424,26235,27352,26531,26551,26825,28584,29930,28170,27820
722,43185,41888,41126,44593,44885,25462,26260,27118,26607,26619,26878,28644,30001,28211,27885
723,43224,41966,41211,44771,44966,25528,26337,27277,26658,26640,26954,28698,30069,28340,27834
724,44549,43916,43248,46428,47157,25560,26379,27126,26754,26701,26931,28699,30125,28339,27890
725,44608,43923,43310,46554,47210,25639,26384,27525,26723,26717,27002,28742,30121,28233,28084
726,43344,42118,41394,44964,45110,25698,26436,27333,26807,26768,27064,28803,30189,28546,28223
727,43438,42219,41440,44927,45202,25662,26512,27642,26854,26809,27096,28846,30244,28330,28170
728,45178,44612,43623,46810,47649,25738,26557,27337,26895,26846,27166,28895,30359,28523,28229
729,45567,45041,44066,47224,48069,25745,26588,27773,26886,26901,27208,28965,30372,28666,28345
730,43948,42654,41917,45461,45704,25844,26608,27479,26934,26949,27188,28961,30375,28612,28182
731,44033,42730,42008,45617,45780,26006,26801,27793,26971,26991,27257,29021,30385,28624,28422
732,45406,44736,44173,47352,47982,25920,26726,27474,27075,27036,27340,29083,30524,28564,28337
733,45453,44787,44185,47406,48064,26094,26786,27858,27080,27073,27322,29118,30540,28800,28513
734,44249,42887,42144,45722,45962,26027,26776,27636,27121,27112,27393,29190,30576,28778,28348
735,44233,42962,42210,45767,46045,26100,26868,27803,27181,27137,27421,29208,30662,28866,28361
736,46311,46119,44479,48116,48912,26101,27122,27711,27443,27552,27476,29698,30654,28751,29101
737,46456,45905,45135,48159,48958,26628,26891,28450,27253,27217,27503,29315,30715,29171,28652
738,45078,43490,42626,46425,46711,26282,27177,28081,27564,27523,27591,29349,30766,29165,28480
739,44872,43485,42697,46370,46666,26280,27026,28009,27328,27298,27604,29431,30780,29136,28676
740,46193,45554,44942,48235,49304,26292,27045,27746,27383,27336,27660,29452,30888,28910,28819
741,46338,46218,45658,48434,48963,26731,27147,28609,27401,27383,28166,29610,31474,29500,29027
742,45048,43720,42967,46540,46795,26462,27137,27973,27519,27450,27785,29532,30958,29029,28794
743,45048,44247,43084,46676,46874,26630,27170,28455,27568,27516,27789,29566,30989,29234,28864
744,46840,46491,45326,48573,49596,26788,27220,28159,27554,27501,27800,29617,31023,29143,29019
745,47281,46919,45952,49097,49820,26485,27297,28464,27633,27576,27888,29734,31113,29394,28964
746,45565,44217,44007,47229,47529,26660,27347,28530,27644,27617,27964,29740,31205,29664,29080
747,45654,44279,43522,47243,47534,26552,27383,28467,27705,27643,27954,29776,31207,29324,29134
748,47050,46468,45856,49104,49853,26648,27410,28140,27959,27951,27994,29815,31227,29445,29032
749,47144,46547,45968,49218,49934,26676,27474,28509,27834,27753,28069,29885,31281,29490,29104
750,45863,44506,43760,47498,47693,26741,27532,28353,27820,27801,28134,29937,31373,29531,29175
751,46003,44610,43798,47604,47774,26815,27591,28576,27891,27801,28138,29988,31342,29652,29271
752,47850,47275,46223,49593,51154,26883,27599,28281,28363,28261,28212,30008,31482,29544,29156
753,48182,47699,47277,50865,50849,27349,27813,28987,28170,27923,28343,30574,31496,30123,29454
754,46527,45020,44233,48171,48491,26927,27646,28320,28091,28217,28250,30080,31482,29752,29393
755,46621,45209,44432,48431,48525,27168,27828,28870,28304,28070,28563,30249,31699,29724,29675
756,47979,47536,47047,50396,51136,27153,27884,28518,28220,28082,28491,30299,31722,30076,29535
757,48402,47639,46903,50414,50769,27118,27875,28996,28295,28164,28392,30407,31715,29863,29597
758,46715,45354,44628,48491,48631,27341,27854,28682,28218,28148,28562,30263,31768,29860,29550
759,46971,45451,44669,48523,48851,27206,27976,29166,28293,28237,28606,30350,31812,30028,29517
760,48746,48469,47179,50550,51665,27283,28078,28636,28541,28448,28570,30477,31843,30058,30010
761,49157,48768,47612,51108,51818,27584,28059,29000,28431,28306,28708,30448,31906,30091,29640
762,47448,46097,45180,49041,49266,27599,28145,28786,28466,28345,28710,30488,31975,30020,29771
763,47538,46041,45219,49223,49415,27480,28109,29105,28446,28404,28791,30516,32032,30102,29855
764,49776,48488,47733,51301,52573,27526,28756,28868,29102,28932,28787,30754,32309,30316,30031
765,49028,48868,47885,51162,51829,27441,28202,29146,28685,28484,28846,30584,32160,30088,30246
766,48305,46238,45454,50375,49516,27704,28749,28985,28586,28504,28832,31034,32115,30294,29974
767,47548,46235,45370,49330,49552,27568,28383,29294,28596,28474,28833,30661,32074,30200,29887
768,50402,49894,48307,52516,52498,27597,28838,29141,28629,28686,28893,31847,33234,30513,31230
769,49964,49453,48334,51803,52505,27550,28285,29216,28714,28608,28916,30780,32183,30428,29903
770,48436,47094,45945,50188,50372,27701,28652,29028,28880,28843,29250,31014,32481,30354,30186
771,48468,46778,45938,49937,50320,27618,28373,29527,28994,28821,29067,30862,32523,30856,30022
772,50102,49574,48976,52339,52693,27853,28638,29069,28997,28984,29241,31091,32614,30655,30328
773,50078,49834,48852,52088,52582,27904,28546,29602,28844,28742,29276,31337,32655,30775,30433
774,48508,46941,46481,50222,50323,27824,28538,29491,28885,28815,29283,30997,32467,31033,30197
775,48510,46979,46192,50195,50390,27791,28566,29570,28920,28791,29229,31056,32572,30718,30549
776,50394,49883,48802,52323,53176,27824,28589,29206,28974,28904,29264,31105,32590,30737,30364
777,50799,50372,49270,52860,53604,27891,28643,29660,29007,28942,29299,31137,32603,30778,30298
778,48992,47531,46668,50806,51025,27898,28692,29387,29052,28969,29336,31163,32717,30964,30446
779,49102,47575,46756,50835,51119,27938,28732,29719,29107,28982,29385,31228,32746,30699,30727
780,50607,50043,49364,52884,53600,28117,28786,29565,29096,29041,29402,31272,32780,31005,30456
781,50646,50127,49425,52949,53657,28102,28800,29875,29148,29077,29487,31309,32810,30812,30506
782,49160,47774,46921,51033,51342,28397,28853,29636,29205,29154,29490,31356,32868,30994,30606
783,49352,47813,46960,51122,51349,28281,28894,29890,29240,29159,29507,31408,32900,31388,30768
784,51273,50810,49684,53327,54140,28250,28939,29652,29301,29230,29610,31455,32948,30984,30747
785,51708,51259,50129,53740,54655,28185,28953,29603,29325,29239,29671,31467,33038,31031,30792
786,49864,48376,47500,51700,51998,28369,29033,29778,29352,29290,29698,31514,33022,31042,30911
787,49852,48438,47572,51829,51988,28250,29083,30091,29370,29310,29711,31621,33088,31246,30880
788,51468,50918,50214,53841,54571,28327,29063,29722,29417,29360,29729,31661,33135,31275,30765
789,51594,50998,50277,53937,54672,28377,29156,30243,29473,29390,29785,31715,33403,31212,30970
790,50198,48619,47711,52017,52288,28417,29205,29898,29537,29492,29840,31747,33284,31308,30907
791,50168,48617,47757,51981,52338,28453,29214,30345,29538,29495,29930,31771,33334,31352,31022
792,52195,51708,50578,54278,55161,28523,29258,30008,29607,29538,29949,31787,33300,31324,31093
793,52651,52222,51069,54759,55518,28526,29319,30418,29615,29567,29980,31905,33366,31363,31184
794,50726,49196,48356,52575,52845,28614,29354,30191,29677,29632,30037,31938,33408,31448,31080
795,50713,49340,48398,52642,52906,28646,29367,30510,29689,29660,30079,31952,33462,31466,31174
796,52414,51823,51143,54824,55507,28718,29411,30164,29779,29697,30133,31990,33532,31684,31309
797,52465,51952,51245,54849,55630,28956,29494,30625,29814,29769,30203,32055,33599,31731,31417
798,51028,49423,48554,52799,53103,28744,29457,30280,29808,29781,30226,32108,33681,31602,31459
799,51100,49500,48657,52902,53156,28786,29550,30668,29871,29837,30244,32150,33639,31752,31579
800,53105,52656,51488,55225,56066,28824,29600,30365,29956,29894,30348,32170,33699,31780,31647
801,53539,53186,51908,55651,56558,29097,29631,30736,29955,29920,30360,32228,33751,31842,31544
802,51569,50000,49144,53526,53778,28927,29684,30501,30006,29963,30381,32293,33817,31801,31512
803,51617,50105,49236,53581,53818,28988,29736,30853,30044,29988,30401,32333,33853,32025,31595
804,53272,52768,52019,55835,56516,29032,29734,30488,30123,30066,30439,32377,33903,31897,31815
805,53341,52843,52058,55837,56608,29040,29790,30961,30117,30094,30522,32403,33927,31979,31622
806,51841,50331,49385,53793,54073,29116,29828,30683,30182,30138,30531,32480,34007,32015,31830
807,51952,50463,49423,53910,54105,29158,29902,31095,30185,30193,30588,32478,34043,32007,31959
808,54044,53565,52394,56143,57033,29145,29902,30717,30291,30223,30626,32490,34090,32307,31877
809,54461,54023,52854,56638,57516,29174,29921,31158,30318,30257,30663,32564,34131,32074,31716
810,52516,50878,49993,54418,54734,29290,29995,30945,30347,30346,30718,32632,34255,32110,31881
811,52604,50928,50070,54514,54773,29303,30036,31271,30412,30368,30784,32634,34288,32291,31953
812,54280,53661,52992,56712,57469,29365,30115,30954,30460,30405,30856,32705,34288,32444,31972
813,54267,53761,53117,56869,57605,29405,30092,31305,30459,30424,30862,32739,34350,32420,32236
814,52773,51190,50305,54741,54980,29405,30172,31103,30494,30476,30914,32781,34391,32395,32083
815,52791,51215,50326,54769,55022,29477,30183,31450,30545,30479,30963,32876,34436,32481,32229
816,54910,54470,53272,57147,58073,29740,30232,31101,30600,30572,30973,32863,34524,32478,32234
817,55363,54935,53726,57643,58549,29620,30283,31558,30626,30597,31025,32910,34539,32662,32140
818,53325,51731,50812,55401,55672,29730,30333,31199,30675,30633,31069,33018,34589,32631,32178
819,53437,51857,50893,55540,55714,29660,30408,31645,30695,30685,31119,33080,34769,32701,32221
820,55146,54625,53805,57781,58533,29682,30401,31260,30759,30733,31176,33074,34652,32593,32376
821,55245,54713,53888,57833,58586,29697,30471,31689,30821,30771,31209,33130,34701,32762,32315
822,53605,51959,51021,55544,55911,29789,30483,31463,30902,30827,31277,33218,34757,32713,32334
823,53732,52083,51113,55725,55960,29860,30553,31823,30924,30880,31284,33212,34844,32805,32595
824,55874,55368,54178,58112,59049,29857,30558,31385,30948,31004,31358,33248,34884,32976,32460
825,56347,55827,54674,58738,59493,29881,30633,31901,30973,30945,31356,33325,34948,32852,32519
826,54214,52606,51675,56319,56498,29928,30650,31565,31006,30992,31456,33339,34969,32911,32594
827,54270,52620,51704,56382,56523,30086,30678,31934,31060,31008,31487,33348,34975,33129,32569
828,56045,55486,54749,58684,59469,30027,30716,31644,31147,31088,31511,33423,35042,33127,32591
829,56161,55548,54845,58820,59584,30060,30819,32075,31172,31140,31556,33451,35139,33033,32717
830,54582,52858,51946,56556,56771,30193,30784,31860,31217,31171,31695,33534,35190,33215,32981
831,54599,52916,51995,56671,56877,30157,30880,32119,31280,31217,31598,33548,35241,33171,32735
832,56784,56312,55097,59075,59966,30345,30871,31846,31281,31250,31695,33596,35266,33135,32836
833,57288,56746,55497,59668,60644,30308,30992,32232,31314,31277,31788,33612,35404,33316,32825
834,55220,53472,52501,57262,57626,30409,30999,31937,31355,31318,31746,33663,35342,33393,32986
835,55335,53598,52617,57407,57689,30348,31054,32322,31378,31369,31930,33728,35404,33351,33057
836,57051,56459,55684,59824,60617,30396,31110,32029,31454,31450,31930,33835,35410,33312,33151
837,57123,56525,55727,59929,60714,30510,31135,32437,31477,31458,31893,33878,35483,33452,33228
838,55439,53727,52809,57673,57901,30629,31170,32163,31535,31546,31970,33878,35592,33598,33223
839,55657,53767,52848,57670,57923,30496,31201,32520,31552,31554,31997,33917,35572,33565,33218
840,57762,57277,56038,60156,61236,30572,31271,32104,31641,31615,32063,33947,35649,33676,33182
841,58182,57750,56580,60837,61541,30604,31259,32616,31617,31616,32092,33976,35717,33654,33452
842,56246,54362,53448,58301,58441,30666,31336,32289,31730,31660,32221,34083,35739,33807,33527
843,56218,54475,53528,58319,58577,30657,31351,32629,31686,31716,32166,34086,35773,33882,33442
844,58049,57476,56693,60787,61528,30783,31411,32449,31815,31828,32253,34125,35828,33966,33652
845,58134,57476,56752,60828,61569,30940,31459,32833,31836,31821,32324,34178,35920,33850,33406
846,56431,54666,53737,58635,58726,30849,31483,32622,31858,31843,32355,34225,35905,33795,33497
847,56514,54741,53818,58716,58834,30907,31550,32935,31974,31929,32353,34299,35966,34088,33784
848,58740,58232,57049,61190,62116,30968,31588,32548,32001,31936,32531,34308,36046,34050,33612
849,59241,58745,57478,61558,62657,30975,31603,32956,32012,31982,32469,34370,36116,34207,33688
850,57072,55282,54315,59193,59484,30975,31667,32746,32051,32035,32567,34415,36117,34136,33637
851,57121,55386,54412,59461,59572,31004,31763,33052,32118,32078,32524,34540,36154,34208,33726
852,58973,58372,57556,61903,62539,31150,31760,32638,32180,32143,32549,34471,36206,34193,33850
853,59020,58426,57659,61820,62650,31100,31799,33117,32197,32173,32620,34525,36253,34198,33848
854,57254,55527,54616,59462,59759,31151,31820,32855,32241,32215,32669,34585,36278,34272,33821
855,57634,55568,54657,59619,59872,31237,31909,33173,32298,32286,32748,34664,36335,34349,33982
856,59696,59221,57954,62205,63229,31295,31941,32888,32305,32300,32727,34710,36503,34375,33925
857,60192,59700,58462,62773,63845,31284,31990,33318,32362,32353,32799,34763,36439,34437,33978
858,58009,56245,55205,60294,60539,31359,32037,33048,32428,32409,32798,34801,36547,34348,34072
859,58189,56315,55317,60363,60661,31408,32054,33383,32479,32445,32954,34838,36662,34392,34168
860,60010,59363,58593,62874,63709,31513,32178,33108,32519,32540,32948,34890,36608,34530,34186
861,60001,59457,58680,62905,63766,31556,32149,33527,32539,32516,33031,34961,36827,34646,34247
862,58288,56512,55504,60519,60860,31519,32174,33252,32635,32614,32987,34979,36666,34820,34289
863,58330,56505,55578,60644,60946,31595,32237,33562,32657,32664,33050,35004,37040,34782,34242
864,60710,60150,58888,63266,64264,31636,32310,33318,32702,32654,33119,35097,36856,34910,34305
865,61219,60630,59347,63721,64704,31656,32390,33704,32715,32735,33144,35097,36892,34985,34337
866,58996,57113,56111,61273,61407,31749,32408,33395,32836,32768,33186,35104,36899,34755,34400
867,59155,57147,56130,61369,61567,31833,32455,33716,32891,32849,33229,35284,36963,34873,34550
868,60930,60341,59490,63981,64636,31823,32468,33410,32875,32880,33282,35233,36982,35100,34446
869,61051,60364,59535,63936,64796,31892,32535,33828,32931,32948,33314,35300,37019,34999,34500
870,59415,57420,56400,61549,61701,31925,32533,33601,32987,32955,33395,35326,37123,34968,34944
871,59314,57465,56442,61649,61804,31928,32577,33937,33010,33017,33435,35398,37139,35067,34638
872,61659,61100,59836,64259,65267,32004,32648,33570,33074,33042,33526,35351,37242,35162,34765
873,62199,61688,60382,64817,65901,32038,32700,33986,33122,33087,33465,35466,37206,35104,34939
874,59912,58007,57057,62261,62412,32123,32729,33768,33111,33160,33568,35487,37293,35279,34848
875,60021,58069,57187,62357,62521,32208,32808,34117,33246,33186,33587,35565,37368,35241,35057
876,61964,61325,60512,64966,65785,32179,32869,33891,33274,33267,33658,35634,37454,35352,34865
877,62047,61388,60601,65031,65852,32229,32904,34205,33329,33324,33705,35728,37451,35477,35045
878,60312,58365,57301,62600,62750,32481,32896,34025,33308,33342,33798,35682,37490,35311,35072
879,60327,58362,57393,62659,62829,32331,32964,34227,33416,33387,33778,35743,37614,35771,35177
880,62718,62163,60871,65376,66383,32408,33025,34040,33474,33467,33857,35852,37633,35563,35135
881,63192,62642,61316,65892,66925,32602,33063,34358,33455,33455,33910,35860,37604,35547,35083
882,61003,58965,57934,63342,63484,32457,33094,34029,33497,33531,33850,35872,37697,35529,35146
883,60982,59064,58021,63426,63600,32516,33163,34419,33594,33604,33959,35935,37729,35595,35374
884,62982,62288,61425,65984,66841,32586,33187,34067,33633,33638,34093,35919,37959,35694,35405
885,63004,62349,61528,66065,66878,32660,33239,34485,33671,33645,34054,36088,37868,35659,35449
886,61161,59234,58255,63562,63791,32815,33232,34291,33724,33705,34146,36050,37842,35790,35404
887,61414,59326,58271,63677,63897,32738,33340,34600,33799,33793,34129,36181,37959,35812,35411
888,63722,63146,61781,66431,67443,32813,33390,34307,33803,33792,34190,36172,37993,35747,35443
889,64223,63723,62348,66932,67970,32875,33412,34659,33876,33844,34280,36186,38014,35962,35599
890,62054,59889,58917,64353,64545,32856,33444,34426,33921,33917,34288,36201,38085,36033,35759
891,61955,59982,59002,64443,64593,32912,33549,34782,34003,33930,34312,36336,38129,36061,35593
892,63927,63289,62436,67122,67938,32999,33585,34428,34051,33996,34269,36320,38146,36106,35704
893,64073,63360,62509,67159,68014,32969,33621,34843,34070,34024,34456,36327,38233,36087,35672
894,62315,60278,59195,64833,64968,33107,33658,34701,34200,34213,34542,36478,38348,36097,35719
895,62440,60451,59327,64886,65041,33223,33740,34983,34156,34224,34519,36529,38394,36179,35813
896,64816,64275,62960,67643,68712,33288,33835,34762,34277,34296,34585,36576,38365,36289,35935
897,65387,64822,63441,68101,69166,33254,33814,35155,34259,34291,34602,36721,38487,36266,35909
898,63063,60939,59801,65497,65704,33267,33911,34867,34350,34318,34663,36635,38541,36341,36101
899,63378,60924,59952,65718,65645,33291,33867,35177,34459,34319,34742,36747,38529,36458,36096
900,65056,64411,63511,68361,68995,33371,33955,34887,34467,34447,34792,36752,38615,36436,36007
901,65191,64499,63601,68308,69120,33468,33978,35288,34490,34505,34797,36877,38712,36630,36145
902,63283,61174,60131,65833,65922,33468,34038,35065,34548,34458,34943,37002,38745,36635,36319
903,63266,61622,60307,66007,66047,33462,34171,35406,34644,34526,34830,36937,38924,36815,36407
904,65812,65270,63969,68895,69762,33676,34112,34949,34612,34661,35004,36940,38858,36646,36258
905,66441,65931,64469,69245,70321,33624,34222,35504,34697,34642,34967,37002,38819,36820,36412
906,63898,61781,60835,66384,66693,33941,34180,35226,34654,34626,35118,37015,38835,36748,36298
907,63977,61844,60867,66586,66802,33617,34228,35549,34653,34651,35074,37233,38887,36981,36417
908,66039,65323,64445,69222,70193,33711,34246,35280,34769,34734,35122,37152,39081,36937,36677
909,66104,65370,64528,69443,70402,33702,34291,35633,34772,34749,35085,37234,39055,37019,36480
910,64349,62371,61158,67016,67149,33889,34366,35524,34902,34815,35204,37228,39239,37080,36443
911,64281,62259,61259,66938,67209,33914,34426,35772,34936,34933,35219,37277,39208,37112,36639
912,66958,66392,64896,69700,70968,34041,34543,35474,34980,34929,35243,37364,39188,37057,36716
913,67409,66769,65546,70311,71311,33998,34515,35937,34994,35018,35303,37418,39267,37064,36793
914,64926,62827,61744,67732,67600,34108,34545,35649,35114,35036,35439,37340,39384,37211,36905
915,65159,62915,61874,67709,67691,34038,34543,36032,35154,35103,35507,37518,39486,37242,36752
916,67191,66412,65532,70434,71187,34208,34693,35553,35160,35114,35505,37641,39266,37279,36808
917,67277,66568,65603,70537,71289,34309,34689,36051,35181,35158,35598,37532,39474,37448,36924
918,65259,63164,62059,68015,67923,34187,34762,35872,35234,35172,35612,37572,39475,37294,37011
919,65332,63230,62109,68084,67987,34353,34741,36157,35210,35290,35656,37592,39502,37417,36935
920,67986,67287,65952,70849,71807,34509,34774,35876,35195,35316,35694,37669,39620,37520,37051
921,68473,67916,66473,71384,72367,34352,34858,36260,35282,35363,35766,37751,39713,37609,37159
922,66065,63873,62786,68621,68774,34391,34863,35948,35369,35432,35732,37740,39776,37521,37181
923,66246,63912,62779,68693,68833,34484,34959,36371,35390,35539,35862,37743,39663,37654,37362
924,68208,67481,66540,71509,72420,34563,35024,36135,35458,35483,35748,37851,39864,37759,37244
925,68317,67492,66663,71511,72417,34524,35002,36517,35564,35558,35854,37960,39900,37520,37332
926,66303,64131,63011,68996,69013,34614,35086,36273,35568,35652,35979,37972,39901,37695,37297
927,66350,64211,63153,69114,69151,34720,35070,36601,35618,35616,35905,38089,39876,37768,37426
928,69053,68287,66871,71916,73051,34826,35135,36315,35710,35707,36086,38145,39927,37855,37391
929,69551,68888,67444,72572,73669,34955,35219,36702,35682,35698,36129,38063,40330,38100,37487
930,67114,64810,63728,69932,69908,34817,35284,36407,35754,35847,36145,38147,40137,37933,37545
931,67141,64929,63763,69685,69952,35082,35292,36746,35841,35803,36209,38190,40162,38133,37458
932,69215,68446,67479,72718,73520,34958,35333,36391,35848,35867,36169,38269,40183,38006,37720
933,69296,68467,67626,72829,73632,34938,35341,36879,35818,35908,36321,38319,40275,38287,37608
934,67330,65077,64001,69995,70181,35059,35361,36663,35885,35949,36384,38259,40216,38553,37707
935,67506,65179,64050,70198,70119,35002,35496,37017,36031,35956,36437,38487,40400,38282,37811
936,70081,69330,67935,73032,74255,35341,35398,36667,36049,36094,36298,38389,40359,38211,37837
937,70592,69954,68466,73566,74642,35188,35561,37056,36109,36080,36435,38429,40438,38128,37882
938,68224,65778,64631,70857,71074,35159,35577,36779,36039,36189,36414,38599,40502,38528,37927
939,68189,65875,64820,70926,70973,35238,35623,37123,36145,36204,36621,38559,40570,38250,37979
940,70296,69478,68596,73676,74537,35305,35652,36873,36209,36204,36607,38740,40543,38526,38032
941,70421,69596,68624,73767,74621,35278,35709,37227,36285,36266,36652,38649,40685,38511,38017
942,68412,66012,65022,71127,71217,35385,35758,37092,36349,36286,36626,38699,40637,38697,38293
943,68432,66070,65021,71240,71298,35597,35962,37167,36342,36370,36866,38890,40687,38668,38121
944,71110,70447,69014,74141,75165,35535,35838,36978,36333,36466,36829,38859,40834,38638,38286
945,71594,70863,69461,74653,75788,35474,35868,37382,36470,36452,36864,38870,40872,38676,38200
946,69117,66759,65643,71877,71966,35580,35931,37121,36513,36531,36883,38880,40839,38730,38360
947,69001,66861,65688,71991,72028,35660,35905,37494,36519,36543,36953,38944,40914,38788,38442
948,71327,70679,69490,74743,75599,35929,36019,37139,36639,36621,36975,39129,41094,38914,38420
949,71459,70688,69727,74891,75889,35869,36108,37576,36670,36702,37035,39168,41093,38917,38620
950,69378,67082,66030,72223,72315,35773,36023,37347,36630,36669,36988,39179,41085,38944,38384
951,69499,67129,65977,72208,72201,35912,36175,37624,36703,36798,37067,39254,41103,39156,38537
952,72189,71450,69963,75308,76359,36088,36168,37381,36743,36773,37146,39331,41212,39027,38698
953,72826,72051,70515,75923,77023,35859,36211,37835,36890,36825,37278,39298,41381,39109,38702
954,70064,67711,66634,72899,73077,35935,36208,37539,36879,36855,37341,39385,41356,39136,38726
955,70172,67833,66768,72997,73176,36079,36332,37838,36954,36993,37365,39359,41417,39282,38704
956,72495,71607,70707,75794,76854,36325,36335,37411,36985,36963,37350,39493,41442,39196,38912
957,72581,71637,70749,76050,76902,36271,36453,37748,36998,37040,37455,39442,41554,39198,38883
958,70314,68081,66813,73239,73441,36218,36458,37716,37046,37039,37660,39635,41537,39508,38842
959,70439,68129,67053,73226,73550,36328,36559,38016,37103,37157,37412,39538,41629,39475,39159
960,73255,72609,71153,76488,77527,36386,36517,37770,37138,37145,37566,39604,41668,39369,39131
961,73795,73139,71674,76912,78056,36469,36566,38076,37197,37258,37482,39790,41698,39479,39007
962,71071,68675,67699,74018,74163,36416,36688,37876,37220,37259,37720,39755,41900,39627,39297
963,71281,68869,67757,74122,74270,36552,36711,38143,37273,37289,37859,39740,41936,39970,39202
964,73577,72722,71649,77000,78047,36689,36746,37838,37311,37359,37851,39775,41826,39638,39194
965,73598,72815,71801,77090,78091,36552,36813,38277,37417,37404,37878,39903,41843,39832,39269
966,71516,69073,67964,74371,74618,36506,36788,38067,37454,37511,37888,39911,41928,39804,39309
967,71548,69125,68034,74391,74627,36640,36906,38431,37478,37500,37867,39961,41883,39985,39303
968,74413,73569,72160,77571,78750,36869,36861,38136,37520,37571,37886,40076,42120,39965,39433
969,74955,74302,72822,78086,79068,36712,37035,38519,37534,37631,37961,40044,42093,39922,39540
970,72256,69774,68624,75264,75211,36843,37053,38211,37614,37712,38002,40179,42108,39926,39526
971,72240,69834,68787,75318,75290,36772,37085,38485,37729,37656,38143,40403,42323,40212,39605
972,74660,73775,72886,78283,79106,36898,37116,38416,37723,37765,38211,40203,42254,40057,39662
973,74699,73915,72943,78343,79084,36876,37110,38674,37771,37818,38265,40267,42485,40157,39727
974,72541,70046,68878,75518,75664,36933,37205,38503,37755,37805,38205,40291,42332,40111,39794
975,72660,70225,69076,75660,75680,37092,37255,38685,37870,37775,38321,40313,42320,40146,39755
976,75550,74873,73434,78841,79731,37147,37276,38534,37924,37931,38504,40445,42404,40243,39998
977,76075,75352,73943,79341,80572,37128,37291,38863,37886,37902,38340,40546,42464,40410,39854
978,73426,70856,69594,76382,76396,37188,37295,38470,37990,37990,38513,40486,42622,40389,39940
979,73461,70899,69724,76527,76542,37215,37406,38880,38059,38023,38510,40455,42607,40302,40073
980,75861,75055,74228,79470,80412,37240,37441,38553,38069,38121,38506,40864,42688,40631,40069
981,75846,75096,74297,79660,80572,37365,37486,38923,38210,38173,38502,40607,42801,40633,40135
982,73512,71073,69915,76586,76772,37299,37508,38730,38080,38234,38590,40623,42843,40753,40245
983,73723,71203,70041,76738,76817,37350,37553,39018,38246,38261,38620,40701,42935,40782,40154
984,76693,75969,74713,80021,81101,37564,37578,38881,38215,38280,38671,40852,42843,40825,40269
985,77354,76650,75281,80612,81608,37570,37628,39097,38332,38283,38850,40859,42915,40745,40199
986,74411,71807,70741,77452,77583,37730,37597,38880,38389,38356,38706,40882,43008,40753,40401
987,74546,71924,70764,77460,77644,37684,37757,39251,38420,38468,38790,40899,43212,40802,40363
988,77334,76642,75632,81043,81658,37715,37801,38866,38460,38513,38937,41090,43237,40869,40591
989,77440,76830,75650,81046,81661,37940,37760,39234,38548,38440,38981,41042,43351,41087,40409
990,74794,72139,70969,77756,77728,38041,37785,39174,38569,38511,38972,41045,43157,41131,40492
991,74610,72241,71047,77961,77978,37805,37969,39344,38673,38643,38915,41070,43184,41284,40684
992,77667,77105,75768,81243,82185,37914,37946,39188,38598,38615,38997,41157,43349,41255,40623
993,78238,77821,76276,81608,82785,37893,38041,39495,38721,38674,39094,41113,43431,41247,40785
994,75368,72934,71721,78593,78679,37951,38065,39230,38768,38747,39193,41246,43457,41277,40837
995,75432,72941,71781,78623,78709,37947,38118,39556,38796,38786,39296,41363,43521,41435,40923
996,78063,77450,76358,81932,82720,38182,38113,39341,38836,38835,39277,41386,43578,41291,40763
997,78053,77549,76503,82050,82920,38166,38243,39656,38928,38874,39537,41431,43531,41410,41051
998,75706,73287,72011,78966,78936,38281,38300,39526,38929,38984,39486,41457,43698,41806,40840
999,75924,73319,72069,78896,79014,38205,38283,39682,39030,39073,39540,41430,43715,41549,40918
1000,78829,78365,76777,82369,83396,38333,38389,39504,39048,39121,39395,41596,43824,41561,41036
