n,Heap Cache,Tournament Tree
3,0,0
4,0,0
5,0,0
6,0,0
7,0,0
8,0,1
9,1,1
10,1,1
11,1,1
12,1,1
13,1,1
14,1,1
15,2,2
16,2,2
17,2,2
18,2,2
19,2,2
20,2,3
21,3,3
22,3,3
23,3,3
24,3,3
25,3,4
26,4,4
27,4,4
28,4,4
29,4,4
30,5,4
31,5,5
32,5,5
33,5,5
34,6,5
35,6,6
36,6,6
37,6,6
38,6,6
39,7,7
40,7,7
41,7,7
42,7,8
43,7,8
44,8,8
45,8,8
46,8,8
47,8,9
48,9,9
49,9,9
50,9,9
51,9,10
52,10,10
53,10,10
54,10,10
55,11,10
56,11,11
57,11,11
58,11,11
59,12,11
60,12,11
61,12,12
62,13,12
63,13,12
64,13,12
65,13,12
66,13,13
67,14,13
68,14,14
69,14,14
70,15,15
71,15,15
72,15,15
73,15,16
74,15,16
75,16,16
76,16,16
77,16,17
78,16,17
79,17,17
80,17,18
81,17,18
82,18,19
83,18,19
84,18,19
85,19,19
86,19,20
87,19,20
88,19,20
89,20,20
90,20,20
91,20,20
92,20,21
93,20,21
94,21,21
95,21,21
96,21,21
97,22,22
98,22,22
99,22,22
100,23,23
101,23,23
102,23,23
103,23,23
104,24,24
105,24,24
106,24,24
107,25,24
108,25,25
109,25,25
110,26,25
111,26,25
112,26,25
113,26,26
114,27,26
115,27,26
116,27,26
117,28,27
118,28,27
119,28,27
120,29,27
121,29,28
122,29,28
123,30,28
124,30,28
125,30,29
126,31,29
127,31,29
128,31,29
129,32,30
130,33,31
131,33,31
132,33,32
133,34,32
134,34,32
135,34,33
136,34,33
137,35,33
138,35,34
139,34,35
140,35,34
141,35,34
142,36,36
143,35,35
144,36,36
145,36,36
146,37,37
147,37,37
148,37,38
149,37,37
150,38,38
151,38,38
152,39,39
153,38,39
154,39,39
155,39,40
156,39,40
157,39,40
158,40,41
159,40,41
160,41,41
161,40,41
162,41,42
163,41,42
164,41,42
165,42,43
166,42,43
167,43,43
168,43,43
169,43,44
170,43,44
171,44,44
172,44,44
173,44,45
174,44,45
175,45,45
176,46,45
177,46,46
178,46,46
179,46,47
180,47,47
181,47,47
182,47,47
183,47,48
184,48,48
185,49,50
186,49,49
187,49,50
188,49,50
189,49,49
190,50,50
191,50,50
192,50,50
193,51,50
194,51,51
195,52,51
196,52,51
197,53,51
198,52,51
199,53,52
200,53,53
201,54,53
202,54,54
203,55,54
204,55,53
205,54,54
206,55,54
207,55,54
208,57,54
209,57,55
210,57,56
211,57,55
212,57,57
213,57,56
214,58,56
215,59,57
216,58,57
217,59,57
218,59,57
219,60,59
220,60,58
221,60,58
222,60,59
223,61,59
224,62,60
225,62,60
226,62,62
227,63,60
228,63,60
229,64,61
230,63,61
231,64,61
232,65,62
233,65,61
234,65,62
235,65,62
236,67,63
237,66,63
238,68,63
239,67,63
240,67,64
241,67,64
242,69,64
243,70,64
244,69,65
245,69,65
246,70,65
247,70,66
248,70,65
249,72,67
250,72,69
251,72,68
252,72,67
253,73,67
254,73,68
255,74,68
256,74,69
257,74,69
258,74,69
259,74,70
260,75,70
261,75,72
262,76,71
263,76,72
264,76,72
265,76,72
266,77,72
267,77,73
268,78,74
269,78,74
270,79,76
271,79,75
272,80,76
273,80,76
274,80,76
275,80,76
276,81,77
277,81,78
278,81,78
279,81,78
280,82,80
281,83,80
282,83,80
283,83,80
284,83,81
285,83,81
286,84,81
287,85,82
288,85,83
289,84,83
290,85,84
291,86,84
292,86,84
293,86,85
294,87,86
295,87,86
296,87,87
297,88,87
298,88,87
299,88,88
300,89,88
301,89,88
302,89,89
303,90,90
304,90,90
305,90,91
306,91,91
307,92,92
308,92,92
309,92,92
310,93,92
311,93,93
312,93,94
313,94,94
314,94,94
315,95,95
316,94,95
317,96,96
318,95,96
319,96,96
320,96,96
321,96,98
322,97,97
323,97,98
324,97,98
325,98,99
326,98,99
327,99,99
328,100,100
329,100,101
330,100,100
331,100,101
332,100,101
333,101,102
334,101,101
335,101,102
336,102,103
337,102,101
338,102,101
339,103,101
340,103,102
341,104,102
342,104,103
343,104,102
344,105,103
345,105,103
346,106,103
347,106,104
348,107,104
349,106,105
350,107,105
351,108,106
352,109,106
353,109,105
354,108,106
355,109,106
356,110,107
357,110,107
358,111,107
359,112,108
360,115,114
361,112,108
362,112,109
363,113,109
364,113,109
365,113,109
366,113,110
367,114,111
368,115,110
369,115,111
370,116,111
371,116,112
372,116,111
373,117,112
374,117,112
375,117,112
376,118,112
377,118,113
378,118,113
379,119,113
380,120,113
381,121,114
382,120,114
383,123,115
384,121,115
385,121,115
386,122,116
387,122,116
388,122,116
389,123,117
390,123,117
391,124,118
392,123,118
393,124,118
394,124,119
395,125,118
396,125,119
397,126,119
398,126,120
399,127,120
400,129,120
401,128,121
402,128,121
403,128,122
404,129,122
405,129,122
406,129,123
407,130,123
408,130,123
409,131,123
410,131,124
411,132,125
412,132,124
413,132,125
414,133,125
415,133,125
416,134,125
417,134,125
418,134,126
419,134,127
420,135,127
421,135,127
422,136,128
423,137,128
424,137,129
425,137,128
426,138,129
427,138,129
428,138,129
429,139,131
430,139,130
431,140,130
432,140,131
433,141,130
434,140,132
435,142,131
436,142,132
437,142,132
438,143,132
439,143,133
440,144,133
441,144,133
442,145,138
443,145,134
444,145,134
445,145,134
446,146,135
447,147,135
448,147,136
449,148,135
450,148,136
451,148,136
452,149,137
453,149,138
454,149,138
455,151,137
456,150,140
457,151,138
458,151,138
459,150,139
460,151,139
461,152,139
462,152,140
463,154,141
464,154,141
465,153,141
466,154,141
467,155,141
468,155,141
469,156,143
470,156,143
471,159,144
472,159,144
473,157,143
474,158,144
475,158,144
476,159,144
477,161,145
478,161,145
479,161,146
480,161,147
481,161,146
482,162,147
483,162,147
484,162,147
485,163,147
486,163,147
487,164,148
488,164,150
489,166,149
490,166,149
491,166,149
492,166,150
493,167,149
494,167,150
495,169,150
496,169,151
497,169,152
498,169,152
499,170,152
500,169,152
501,170,152
502,171,153
503,172,153
504,173,154
505,172,154
506,173,154
507,173,155
508,174,155
509,175,158
510,175,155
511,176,155
512,176,157
513,176,157
514,176,157
515,177,158
516,177,158
517,178,159
518,177,159
519,179,159
520,179,160
521,179,161
522,179,161
523,180,162
524,179,161
525,180,162
526,180,162
527,181,163
528,181,163
529,181,164
530,181,165
531,182,166
532,181,165
533,183,166
534,182,167
535,184,168
536,184,167
537,184,167
538,185,169
539,186,174
540,185,169
541,186,170
542,186,170
543,186,171
544,187,172
545,188,172
546,187,173
547,187,173
548,188,173
549,190,174
550,190,175
551,189,175
552,190,175
553,190,175
554,191,176
555,191,177
556,191,177
557,192,177
558,192,178
559,192,178
560,193,179
561,193,180
562,193,180
563,194,180
564,193,181
565,195,181
566,194,182
567,196,183
568,197,184
569,196,183
570,197,184
571,197,185
572,197,186
573,197,186
574,198,187
575,198,187
576,199,186
577,199,187
578,202,190
579,199,189
580,200,189
581,200,189
582,201,190
583,201,190
584,202,192
585,202,192
586,202,192
587,203,192
588,203,192
589,202,193
590,204,193
591,203,195
592,205,195
593,205,196
594,204,196
595,205,197
596,206,196
597,207,198
598,206,198
599,207,197
600,207,197
601,208,198
602,208,199
603,209,199
604,209,199
605,210,199
606,209,200
607,210,201
608,210,201
609,210,202
610,211,202
611,211,203
612,211,204
613,212,204
614,213,204
615,213,204
616,213,205
617,213,206
618,213,207
619,214,207
620,215,207
621,215,208
622,215,208
623,216,208
624,216,209
625,217,210
626,217,211
627,217,210
628,218,209
629,218,210
630,218,212
631,219,212
632,219,212
633,220,213
634,220,215
635,220,213
636,221,214
637,221,215
638,222,217
639,221,215
640,222,215
641,222,215
642,223,216
643,223,216
644,224,218
645,224,218
646,224,218
647,224,219
648,225,219
649,225,221
650,226,220
651,226,221
652,227,221
653,229,222
654,227,222
655,228,222
656,228,224
657,228,223
658,228,224
659,229,225
660,230,224
661,231,225
662,231,225
663,231,226
664,231,227
665,235,226
666,233,230
667,232,227
668,233,228
669,233,229
670,234,228
671,235,229
672,236,230
673,234,229
674,235,230
675,238,232
676,236,231
677,239,232
678,239,232
679,237,233
680,237,232
681,237,234
682,238,234
683,239,234
684,239,235
685,240,235
686,239,236
687,241,236
688,240,241
689,241,239
690,243,237
691,242,237
692,244,237
693,243,238
694,244,239
695,246,239
696,245,241
697,244,240
698,245,240
699,245,240
700,246,242
701,247,241
702,248,242
703,247,242
704,248,242
705,249,243
706,250,242
707,249,244
708,249,243
709,253,244
710,251,244
711,250,247
712,251,246
713,251,246
714,252,247
715,253,246
716,253,246
717,253,248
718,254,248
719,254,248
720,254,248
721,255,250
722,255,250
723,256,250
724,256,250
725,256,251
726,257,251
727,258,252
728,259,252
729,259,253
730,260,257
731,261,255
732,260,253
733,261,254
734,261,254
735,261,256
736,262,256
737,262,256
738,263,256
739,263,257
740,263,256
741,264,258
742,264,258
743,266,258
744,266,260
745,266,258
746,266,259
747,266,259
748,267,260
749,269,263
750,268,264
751,267,261
752,269,263
753,269,261
754,269,261
755,269,263
756,270,262
757,270,262
758,272,262
759,271,264
760,272,266
761,273,265
762,273,265
763,273,265
764,274,268
765,275,267
766,275,267
767,275,268
768,275,267
769,276,278
770,276,268
771,277,268
772,277,270
773,278,270
774,278,270
775,278,270
776,278,270
777,278,271
778,280,272
779,281,273
780,280,273
781,281,274
782,281,274
783,284,274
784,282,275
785,282,274
786,285,275
787,283,276
788,285,277
789,284,277
790,285,276
791,285,277
792,285,278
793,287,279
794,287,278
795,286,280
796,287,279
797,287,280
798,289,280
799,288,281
800,288,282
801,289,281
802,289,282
803,290,282
804,292,285
805,291,286
806,293,283
807,291,284
808,292,286
809,292,284
810,292,285
811,293,285
812,294,287
813,294,287
814,297,289
815,294,290
816,295,287
817,295,289
818,295,288
819,296,289
820,297,290
821,296,291
822,297,291
823,299,291
824,301,292
825,299,291
826,300,292
827,299,293
828,300,294
829,302,296
830,301,294
831,302,294
832,301,294
833,302,295
834,302,295
835,303,298
836,303,296
837,304,296
838,304,297
839,306,298
840,306,298
841,305,298
842,306,298
843,307,298
844,306,299
845,307,299
846,307,299
847,308,300
848,310,301
849,309,300
850,309,303
851,314,302
852,310,303
853,311,304
854,310,305
855,311,304
856,312,306
857,312,304
858,314,316
859,313,305
860,313,305
861,314,307
862,315,305
863,316,308
864,315,310
865,317,309
866,317,308
867,318,309
868,317,308
869,317,310
870,318,310
871,319,309
872,320,311
873,320,310
874,320,311
875,321,313
876,324,313
877,322,313
878,323,313
879,323,314
880,329,327
881,323,325
882,324,314
883,325,316
884,325,317
885,325,315
886,327,315
887,326,316
888,327,318
889,328,319
890,328,317
891,328,319
892,328,320
893,329,320
894,329,318
895,331,319
896,332,320
897,331,320
898,332,322
899,332,321
900,332,322
901,333,321
902,333,322
903,333,322
904,335,325
905,335,324
906,335,324
907,336,324
908,336,324
909,336,324
910,337,327
911,337,326
912,337,326
913,339,326
914,339,327
915,340,326
916,339,329
917,341,331
918,340,330
919,341,330
920,341,328
921,342,330
922,344,332
923,343,332
924,343,333
925,344,332
926,345,333
927,344,332
928,345,333
929,346,332
930,346,335
931,346,333
932,348,336
933,348,334
934,346,334
935,348,336
936,350,335
937,349,335
938,350,349
939,349,341
940,350,337
941,350,336
942,352,339
943,352,338
944,351,339
945,353,339
946,354,342
947,353,342
948,353,340
949,354,342
950,355,341
951,358,342
952,355,342
953,358,342
954,356,343
955,357,344
956,358,342
957,359,344
958,358,344
959,359,344
960,359,344
961,361,344
962,361,346
963,362,346
964,362,346
965,362,347
966,362,346
967,363,347
968,363,348
969,364,349
970,363,348
971,364,348
972,365,348
973,365,349
974,365,350
975,366,351
976,367,352
977,367,352
978,369,351
979,369,352
980,369,353
981,370,352
982,370,354
983,370,354
984,372,354
985,371,354
986,374,354
987,371,355
988,373,356
989,373,356
990,374,355
991,377,356
992,374,356
993,375,359
994,377,358
995,377,357
996,377,362
997,377,362
998,378,360
999,379,360
1000,378,361
1001,379,360
1002,379,359
1003,379,361
1004,381,365
1005,383,362
1006,382,363
1007,381,365
1008,384,367
1009,383,364
1010,386,364
1011,387,365
1012,384,364
1013,385,364
1014,384,368
1015,386,366
1016,387,366
1017,387,367
1018,387,367
1019,388,367
1020,388,367
1021,389,368
1022,390,369
1023,390,371
1024,389,372
1025,389,374
1026,391,369
1027,391,372
1028,392,371
1029,392,372
1030,392,373
1031,394,372
1032,393,374
1033,395,374
1034,394,373
1035,396,375
1036,394,375
1037,394,376
1038,395,376
1039,396,378
1040,395,382
1041,396,378
1042,397,377
1043,396,379
1044,397,381
1045,397,380
1046,398,382
1047,398,379
1048,398,382
1049,400,383
1050,400,386
1051,401,384
1052,402,384
1053,402,383
1054,402,385
1055,403,388
1056,403,385
1057,403,385
1058,402,385
1059,403,386
1060,403,387
1061,406,387
1062,406,389
1063,405,390
1064,405,391
1065,405,392
1066,407,392
1067,406,390
1068,408,391
1069,407,394
1070,408,391
1071,407,392
1072,407,397
1073,410,396
1074,410,394
1075,410,395
1076,410,394
1077,412,397
1078,410,398
1079,410,397
1080,412,397
1081,413,397
1082,413,399
1083,414,401
1084,413,400
1085,414,401
1086,413,401
1087,416,398
1088,414,400
1089,415,402
1090,415,402
1091,416,402
1092,418,404
1093,417,403
1094,418,404
1095,418,407
1096,418,407
1097,419,404
1098,419,408
1099,420,408
1100,419,406
1101,419,407
1102,419,410
1103,421,408
1104,420,408
1105,421,411
1106,422,413
1107,422,410
1108,422,411
1109,423,411
1110,422,411
1111,425,411
1112,423,414
1113,425,414
1114,424,413
1115,426,415
1116,425,414
1117,425,415
1118,426,416
1119,428,426
1120,427,415
1121,428,419
1122,428,416
1123,430,416
1124,429,418
1125,430,417
1126,428,420
1127,431,418
1128,430,420
1129,431,420
1130,433,424
1131,431,419
1132,431,421
1133,432,422
1134,432,424
1135,433,423
1136,433,425
1137,436,423
1138,437,425
1139,435,423
1140,438,429
1141,437,428
1142,436,428
1143,436,428
1144,436,427
1145,436,428
1146,440,430
1147,437,431
1148,438,429
1149,438,431
1150,440,429
1151,439,430
1152,441,429
1153,440,431
1154,440,433
1155,441,433
1156,442,435
1157,443,435
1158,443,435
1159,444,437
1160,443,437
1161,444,436
1162,443,437
1163,443,435
1164,445,439
1165,444,440
1166,448,441
1167,447,438
1168,447,440
1169,446,442
1170,447,440
1171,448,444
1172,449,443
1173,451,442
1174,451,444
1175,453,444
1176,450,444
1177,450,442
1178,450,444
1179,450,444
1180,450,446
1181,452,446
1182,452,446
1183,453,447
1184,452,449
1185,453,449
1186,455,449
1187,453,448
1188,455,452
1189,457,449
1190,455,449
1191,456,452
1192,455,457
1193,456,451
1194,456,454
1195,456,454
1196,458,452
1197,459,455
1198,458,454
1199,459,462
1200,459,455
1201,459,455
1202,460,455
1203,460,455
1204,460,456
1205,461,458
1206,462,458
1207,461,458
1208,464,460
1209,464,461
1210,463,459
1211,464,461
1212,464,461
1213,465,461
1214,465,462
1215,464,463
1216,467,464
1217,469,464
1218,468,465
1219,467,463
1220,467,464
1221,466,465
1222,468,464
1223,471,466
1224,468,465
1225,469,467
1226,473,468
1227,469,466
1228,472,467
1229,471,468
1230,472,469
1231,473,470
1232,472,469
1233,474,472
1234,473,471
1235,474,477
1236,474,473
1237,474,473
1238,476,473
1239,474,476
1240,477,476
1241,476,475
1242,478,474
1243,477,476
1244,477,476
1245,479,475
1246,478,476
1247,479,477
1248,480,481
1249,480,478
1250,480,481
1251,481,484
1252,480,480
1253,481,480
1254,483,479
1255,482,495
1256,483,482
1257,486,483
1258,483,482
1259,483,484
1260,485,482
1261,484,485
1262,485,484
1263,486,485
1264,487,485
1265,486,486
1266,489,487
1267,489,487
1268,487,487
1269,488,489
1270,489,489
1271,490,489
1272,489,490
1273,490,488
1274,492,490
1275,494,491
1276,491,490
1277,493,490
1278,494,491
1279,493,492
1280,496,494
1281,494,494
1282,494,493
1283,494,493
1284,495,497
1285,495,493
1286,496,497
1287,496,496
1288,496,499
1289,501,498
1290,497,498
1291,499,498
1292,498,500
1293,498,500
1294,499,499
1295,500,500
1296,501,502
1297,499,502
1298,501,501
1299,501,504
1300,503,505
1301,501,502
1302,501,504
1303,503,505
1304,503,504
1305,505,507
1306,505,506
1307,504,506
1308,505,517
1309,504,507
1310,505,509
1311,505,507
1312,507,509
1313,511,508
1314,507,510
1315,507,511
1316,507,509
1317,509,512
1318,508,513
1319,510,512
1320,512,514
1321,509,513
1322,512,515
1323,510,514
1324,514,515
1325,511,515
1326,511,517
1327,513,518
1328,513,516
1329,514,517
1330,518,520
1331,514,520
1332,515,521
1333,514,520
1334,515,521
1335,516,520
1336,517,519
1337,517,523
1338,518,521
1339,518,521
1340,520,524
1341,523,525
1342,520,524
1343,519,525
1344,522,524
1345,521,526
1346,521,525
1347,525,526
1348,522,526
1349,523,525
1350,523,527
1351,524,527
1352,527,527
1353,524,530
1354,525,531
1355,525,527
1356,524,530
1357,526,531
1358,526,532
1359,527,531
1360,528,534
1361,527,532
1362,528,533
1363,529,534
1364,529,533
1365,530,535
1366,530,535
1367,532,536
1368,531,536
1369,532,538
1370,536,537
1371,533,537
1372,532,541
1373,532,539
1374,535,539
1375,537,539
1376,534,541
1377,534,541
1378,535,540
1379,535,541
1380,536,543
1381,538,541
1382,538,541
1383,537,543
1384,539,544
1385,538,544
1386,539,544
1387,542,546
1388,539,546
1389,540,546
1390,541,548
1391,541,545
1392,542,548
1393,542,548
1394,547,547
1395,544,550
1396,545,549
1397,544,549
1398,544,550
1399,545,550
1400,546,553
1401,550,552
1402,546,552
1403,547,551
1404,548,552
1405,547,553
1406,550,554
1407,554,552
1408,554,554
1409,551,556
1410,552,555
1411,551,555
1412,552,556
1413,551,558
1414,551,556
1415,552,556
1416,551,559
1417,553,558
1418,553,559
1419,555,559
1420,553,559
1421,554,561
1422,557,560
1423,555,562
1424,558,562
1425,557,563
1426,560,561
1427,558,561
1428,559,564
1429,560,562
1430,559,564
1431,560,564
1432,560,566
1433,560,564
1434,561,565
1435,562,568
1436,567,566
1437,566,567
1438,564,569
1439,564,569
1440,564,569
1441,566,570
1442,565,571
1443,566,570
1444,566,568
1445,566,571
1446,565,571
1447,568,573
1448,568,574
1449,568,573
1450,575,574
1451,568,573
1452,568,573
1453,571,575
1454,571,583
1455,570,574
1456,570,582
1457,577,578
1458,575,577
1459,573,578
1460,573,577
1461,573,579
1462,576,579
1463,574,578
1464,585,581
1465,574,583
1466,576,583
1467,575,580
1468,578,583
1469,577,582
1470,580,583
1471,578,583
1472,579,583
1473,579,584
1474,581,586
1475,582,586
1476,582,586
1477,581,586
1478,583,587
1479,582,584
1480,583,587
1481,583,586
1482,585,588
1483,585,587
1484,584,589
1485,584,591
1486,587,591
1487,586,590
1488,586,591
1489,589,592
1490,587,591
1491,586,591
1492,589,593
1493,589,594
1494,589,592
1495,591,595
1496,591,593
1497,592,596
1498,592,596
1499,595,597
1500,592,597
1501,594,597
1502,593,598
1503,594,596
1504,593,599
1505,599,600
1506,598,599
1507,596,599
1508,597,602
1509,598,600
1510,596,601
1511,597,602
1512,600,602
1513,598,602
1514,599,603
1515,599,602
1516,601,604
1517,599,605
1518,602,606
1519,601,607
1520,603,605
1521,602,606
1522,605,606
1523,602,608
1524,609,607
1525,604,609
1526,606,611
1527,606,608
1528,607,611
1529,605,608
1530,606,609
1531,607,611
1532,608,611
1533,607,610
1534,609,614
1535,609,614
1536,610,613
1537,610,614
1538,610,613
1539,610,614
1540,612,613
1541,610,616
1542,612,615
1543,611,626
1544,613,616
1545,617,618
1546,614,618
1547,614,618
1548,615,618
1549,616,618
1550,616,621
1551,614,621
1552,617,621
1553,616,622
1554,616,623
1555,620,623
1556,618,624
1557,619,623
1558,618,623
1559,626,641
1560,619,627
1561,622,623
1562,622,627
1563,621,627
1564,622,628
1565,623,629
1566,624,627
1567,623,627
1568,624,628
1569,624,629
1570,628,628
1571,625,630
1572,626,629
1573,625,629
1574,626,631
1575,628,632
1576,629,632
1577,627,630
1578,628,632
1579,629,633
1580,628,633
1581,635,633
1582,631,635
1583,629,634
1584,632,637
1585,634,635
1586,632,637
1587,639,636
1588,632,637
1589,638,638
1590,636,639
1591,634,639
1592,634,640
1593,634,639
1594,636,641
1595,636,641
1596,642,642
1597,637,641
1598,637,643
1599,638,643
1600,639,641
1601,639,647
1602,638,645
1603,639,644
1604,642,645
1605,641,645
1606,640,645
1607,641,644
1608,642,647
1609,641,646
1610,642,647
1611,644,648
1612,646,650
1613,643,649
1614,644,649
1615,647,652
1616,646,650
1617,646,651
1618,645,651
1619,646,651
1620,646,651
1621,648,653
1622,649,652
1623,648,653
1624,650,653
1625,650,655
1626,652,656
1627,651,653
1628,651,656
1629,652,654
1630,656,655
1631,653,655
1632,653,658
1633,658,657
1634,661,657
1635,656,658
1636,658,661
1637,657,659
1638,656,659
1639,656,661
1640,657,660
1641,658,661
1642,657,661
1643,658,660
1644,664,663
1645,660,662
1646,659,663
1647,659,663
1648,660,664
1649,661,666
1650,661,664
1651,662,665
1652,665,665
1653,664,667
1654,665,665
1655,663,668
1656,666,669
1657,665,668
1658,669,670
1659,665,671
1660,668,670
1661,667,669
1662,669,672
1663,668,673
1664,667,672
1665,669,671
1666,669,682
1667,670,673
1668,678,675
1669,672,675
1670,672,676
1671,678,676
1672,672,674
1673,673,676
1674,680,677
1675,672,676
1676,674,678
1677,680,679
1678,674,678
1679,674,681
1680,678,679
1681,677,680
1682,675,679
1683,677,680
1684,677,687
1685,679,682
1686,679,681
1687,679,684
1688,678,683
1689,680,684
1690,680,681
1691,683,684
1692,680,684
1693,682,684
1694,685,686
1695,682,686
1696,684,686
1697,683,686
1698,684,686
1699,684,689
1700,686,687
1701,686,690
1702,689,688
1703,692,688
1704,687,689
1705,687,700
1706,688,692
1707,689,690
1708,689,691
1709,690,692
1710,690,694
1711,690,693
1712,691,692
1713,692,695
1714,691,694
1715,693,695
1716,693,695
1717,699,695
1718,699,697
1719,695,698
1720,696,697
1721,696,697
1722,702,698
1723,697,699
1724,697,699
1725,696,700
1726,697,700
1727,699,699
1728,699,698
1729,699,702
1730,699,702
1731,700,703
1732,703,701
1733,701,704
1734,702,703
1735,703,704
1736,703,703
1737,703,702
1738,703,707
1739,707,704
1740,704,706
1741,705,709
1742,707,709
1743,707,709
1744,708,709
1745,709,711
1746,708,709
1747,709,710
1748,709,711
1749,710,710
1750,711,710
1751,710,709
1752,711,712
1753,712,710
1754,712,713
1755,712,712
1756,713,714
1757,714,712
1758,714,713
1759,714,715
1760,715,718
1761,719,716
1762,715,716
1763,721,715
1764,718,717
1765,725,717
1766,719,719
1767,722,720
1768,720,719
1769,721,717
1770,720,720
1771,721,721
1772,723,721
1773,722,722
1774,722,722
1775,723,722
1776,723,723
1777,724,723
1778,725,724
1779,727,726
1780,725,724
1781,726,727
1782,727,728
1783,726,727
1784,728,725
1785,729,728
1786,729,728
1787,729,728
1788,729,729
1789,730,728
1790,731,732
1791,731,730
1792,732,732
1793,734,731
1794,734,730
1795,735,732
1796,734,732
1797,734,735
1798,734,733
1799,735,734
1800,736,734
1801,736,734
1802,738,735
1803,737,734
1804,738,737
1805,738,737
1806,739,736
1807,739,737
1808,739,737
1809,740,736
1810,741,740
1811,741,740
1812,741,738
1813,742,738
1814,742,742
1815,743,742
1816,744,741
1817,743,743
1818,743,744
1819,752,744
1820,746,743
1821,746,743
1822,747,745
1823,746,745
1824,746,746
1825,748,745
1826,748,746
1827,749,745
1828,749,747
1829,749,746
1830,750,750
1831,750,745
1832,750,749
1833,752,750
1834,758,749
1835,753,750
1836,753,750
1837,754,752
1838,754,753
1839,763,750
1840,755,754
1841,755,756
1842,757,758
1843,756,754
1844,759,754
1845,757,755
1846,764,757
1847,760,757
1848,759,757
1849,760,757
1850,762,756
1851,762,768
1852,761,757
1853,767,759
1854,762,759
1855,763,761
1856,768,759
1857,765,760
1858,764,761
1859,766,761
1860,771,764
1861,767,764
1862,768,764
1863,770,764
1864,770,766
1865,768,765
1866,769,765
1867,770,765
1868,769,769
1869,773,766
1870,772,767
1871,772,768
1872,772,769
1873,771,768
1874,772,768
1875,774,769
1876,774,769
1877,775,771
1878,781,771
1879,775,772
1880,777,770
1881,777,771
1882,777,771
1883,776,771
1884,778,773
1885,785,772
1886,780,772
1887,786,774
1888,779,775
1889,781,777
1890,780,775
1891,780,775
1892,784,778
1893,784,777
1894,783,776
1895,784,778
1896,785,778
1897,785,780
1898,784,777
1899,786,778
1900,787,783
1901,787,781
1902,787,781
1903,789,782
1904,789,783
1905,792,783
1906,793,783
1907,790,782
1908,790,784
1909,791,785
1910,790,783
1911,791,783
1912,792,786
1913,794,787
1914,793,786
1915,794,787
1916,794,788
1917,795,789
1918,796,788
1919,797,789
1920,797,791
1921,798,788
1922,797,789
1923,798,790
1924,798,789
1925,799,792
1926,799,790
1927,801,794
1928,800,795
1929,801,794
1930,809,794
1931,803,794
1932,802,794
1933,803,793
1934,803,797
1935,811,796
1936,805,797
1937,810,798
1938,806,799
1939,807,798
1940,806,798
1941,808,801
1942,808,799
1943,811,800
1944,808,801
1945,810,802
1946,810,804
1947,810,803
1948,811,804
1949,817,805
1950,811,805
1951,812,805
1952,819,805
1953,814,805
1954,814,806
1955,814,807
1956,816,807
1957,815,806
1958,816,807
1959,819,808
1960,817,807
1961,818,809
1962,817,811
1963,821,811
1964,819,812
1965,821,809
1966,822,810
1967,821,813
1968,823,812
1969,828,813
1970,822,816
1971,822,816
1972,825,814
1973,824,813
1974,831,817
1975,825,816
1976,825,820
1977,826,815
1978,826,817
1979,828,818
1980,828,818
1981,835,820
1982,829,822
1983,829,821
1984,831,821
1985,831,823
1986,829,821
1987,832,821
1988,832,824
1989,833,821
1990,833,825
1991,833,822
1992,836,823
1993,836,822
1994,834,825
1995,835,825
1996,835,829
1997,836,825
1998,845,826
1999,837,829
2000,837,828
2001,841,827
2002,839,828
2003,839,829
2004,840,827
2005,848,830
2006,840,831
2007,841,834
2008,843,832
2009,843,831
2010,844,830
2011,844,832
2012,844,832
2013,847,836
2014,847,834
2015,847,834
2016,846,835
2017,846,834
2018,849,834
2019,848,837
2020,848,839
2021,850,840
2022,848,839
2023,851,838
2024,850,838
2025,850,839
2026,852,839
2027,858,838
2028,854,842
2029,855,842
2030,855,842
2031,863,843
2032,854,842
2033,854,841
2034,855,843
2035,858,845
2036,859,845
2037,857,843
2038,868,842
2039,861,844
2040,859,845
2041,859,846
2042,861,849
2043,860,847
2044,863,848
2045,868,848
2046,862,850
2047,863,851
2048,863,861
2049,863,850
2050,864,851
2051,864,848
2052,865,850
2053,867,851
2054,869,851
2055,866,856
2056,865,854
2057,867,854
2058,866,852
2059,869,854
2060,869,856
2061,869,857
2062,869,857
2063,869,856
2064,870,855
2065,870,858
2066,870,859
2067,873,858
2068,870,860
2069,872,860
2070,872,861
2071,872,863
2072,873,862
2073,876,864
2074,875,861
2075,875,862
2076,875,865
2077,875,867
2078,876,864
2079,876,865
2080,876,866
2081,877,868
2082,877,872
2083,877,868
2084,878,868
2085,879,867
2086,880,869
2087,880,871
2088,881,868
2089,880,870
2090,882,872
2091,881,872
2092,883,873
2093,883,870
2094,883,873
2095,884,875
2096,883,876
2097,883,875
2098,884,875
2099,888,876
2100,886,878
2101,886,877
2102,889,877
2103,888,876
2104,888,877
2105,887,880
2106,887,875
2107,888,878
2108,888,881
2109,889,890
2110,889,880
2111,891,883
2112,897,882
2113,891,882
2114,891,883
2115,893,883
2116,892,885
2117,892,886
2118,894,885
2119,894,884
2120,894,887
2121,894,887
2122,897,886
2123,896,889
2124,901,889
2125,903,890
2126,897,891
2127,898,891
2128,898,892
2129,902,891
2130,907,891
2131,899,892
2132,901,893
2133,900,891
2134,901,896
2135,902,893
2136,907,896
2137,901,896
2138,902,896
2139,902,896
2140,903,897
2141,912,899
2142,905,897
2143,905,899
2144,906,900
2145,905,902
2146,909,901
2147,905,903
2148,906,901
2149,907,900
2150,908,901
2151,908,903
2152,908,904
2153,908,904
2154,910,906
2155,910,903
2156,909,906
2157,911,905
2158,914,905
2159,910,908
2160,912,907
2161,913,906
2162,914,908
2163,913,909
2164,913,909
2165,914,909
2166,915,908
2167,916,911
2168,916,911
2169,915,912
2170,917,911
2171,918,912
2172,917,913
2173,925,912
2174,918,913
2175,921,915
2176,920,913
2177,920,915
2178,919,915
2179,922,916
2180,926,916
2181,921,915
2182,921,919
2183,921,920
2184,921,917
2185,923,921
2186,923,921
2187,923,919
2188,924,920
2189,926,922
2190,927,923
2191,927,923
2192,927,923
2193,927,924
2194,926,927
2195,927,925
2196,928,925
2197,927,934
2198,933,925
2199,928,926
2200,932,928
2201,929,929
2202,933,928
2203,932,930
2204,931,929
2205,933,931
2206,932,931
2207,934,933
2208,933,930
2209,934,931
2210,935,933
2211,933,933
2212,935,932
2213,934,932
2214,937,935
2215,936,932
2216,940,940
2217,937,937
2218,942,939
2219,946,938
2220,939,936
2221,946,937
2222,938,939
2223,940,938
2224,941,939
2225,941,939
2226,942,939
2227,941,941
2228,944,941
2229,943,942
2230,942,941
2231,944,942
2232,943,942
2233,948,945
2234,944,943
2235,945,947
2236,947,948
2237,948,946
2238,947,947
2239,948,944
2240,947,949
2241,948,950
2242,950,950
2243,950,948
2244,951,950
2245,952,949
2246,952,955
2247,952,951
2248,951,952
2249,953,953
2250,953,954
2251,951,953
2252,952,953
2253,953,952
2254,953,953
2255,956,954
2256,955,956
2257,955,954
2258,956,954
2259,961,956
2260,961,960
2261,956,958
2262,962,958
2263,959,961
2264,959,960
2265,959,965
2266,960,961
2267,960,960
2268,960,961
2269,960,961
2270,964,962
2271,962,965
2272,964,966
2273,963,966
2274,963,965
2275,963,965
2276,966,967
2277,966,967
2278,967,967
2279,965,972
2280,967,970
2281,975,969
2282,968,968
2283,966,971
2284,967,971
2285,969,972
2286,974,971
2287,970,974
2288,970,972
2289,971,971
2290,972,972
2291,980,973
2292,975,975
2293,973,974
2294,974,977
2295,982,977
2296,973,975
2297,975,979
2298,975,978
2299,974,979
2300,976,979
2301,976,981
2302,975,980
2303,976,981
2304,979,981
2305,979,981
2306,980,981
2307,979,981
2308,979,982
2309,978,982
2310,980,982
2311,983,985
2312,984,983
2313,983,985
2314,984,984
2315,982,987
2316,982,987
2317,984,987
2318,984,985
2319,983,988
2320,986,988
2321,987,989
2322,985,990
2323,988,990
2324,986,991
2325,987,990
2326,988,991
2327,986,992
2328,986,992
2329,987,995
2330,988,994
2331,991,993
2332,993,993
2333,995,996
2334,990,994
2335,999,997
2336,991,996
2337,991,997
2338,992,999
2339,993,999
2340,995,998
2341,995,999
2342,997,1002
2343,994,1001
2344,995,1003
2345,996,1000
2346,995,1002
2347,996,1005
2348,997,1006
2349,998,1005
2350,998,1009
2351,1006,1006
2352,998,1007
2353,999,1006
2354,1001,1007
2355,1001,1008
2356,1002,1008
2357,1003,1008
2358,1001,1010
2359,1002,1009
2360,1003,1009
2361,1002,1009
2362,1002,1014
2363,1008,1012
2364,1004,1010
2365,1009,1014
2366,1007,1015
2367,1008,1013
2368,1007,1012
2369,1008,1013
2370,1007,1013
2371,1007,1013
2372,1010,1019
2373,1017,1017
2374,1007,1017
2375,1019,1019
2376,1013,1020
2377,1019,1020
2378,1012,1021
2379,1019,1020
2380,1011,1018
2381,1021,1022
2382,1013,1023
2383,1022,1021
2384,1013,1021
2385,1025,1027
2386,1019,1024
2387,1024,1023
2388,1019,1023
2389,1023,1027
2390,1017,1027
2391,1024,1029
2392,1018,1027
2393,1019,1028
2394,1019,1031
2395,1020,1030
2396,1023,1030
2397,1020,1029
2398,1023,1031
2399,1021,1029
2400,1020,1032
2401,1021,1029
2402,1021,1035
2403,1024,1030
2404,1022,1033
2405,1024,1033
2406,1025,1032
2407,1025,1033
2408,1025,1034
2409,1024,1034
2410,1026,1035
2411,1024,1036
2412,1028,1037
2413,1029,1038
2414,1027,1035
2415,1031,1038
2416,1028,1039
2417,1030,1041
2418,1028,1038
2419,1030,1038
2420,1032,1039
2421,1032,1041
2422,1031,1041
2423,1031,1041
2424,1032,1040
2425,1033,1041
2426,1037,1043
2427,1034,1042
2428,1037,1047
2429,1036,1044
2430,1035,1044
2431,1036,1045
2432,1038,1047
2433,1038,1050
2434,1037,1047
2435,1038,1048
2436,1039,1048
2437,1039,1049
2438,1041,1050
2439,1039,1051
2440,1038,1049
2441,1041,1049
2442,1042,1051
2443,1041,1051
2444,1045,1054
2445,1043,1052
2446,1044,1054
2447,1046,1054
2448,1042,1049
2449,1043,1056
2450,1046,1059
2451,1046,1058
2452,1046,1056
2453,1049,1058
2454,1046,1056
2455,1048,1057
2456,1049,1059
2457,1048,1061
2458,1050,1061
2459,1050,1060
2460,1049,1060
2461,1050,1062
2462,1049,1061
2463,1053,1062
2464,1053,1063
2465,1050,1064
2466,1052,1062
2467,1054,1064
2468,1052,1064
2469,1056,1063
2470,1055,1065
2471,1055,1065
2472,1055,1067
2473,1054,1067
2474,1058,1069
2475,1055,1068
2476,1056,1068
2477,1059,1071
2478,1057,1070
2479,1059,1070
2480,1058,1069
2481,1059,1071
2482,1062,1073
2483,1070,1073
2484,1062,1072
2485,1064,1074
2486,1061,1075
2487,1063,1074
2488,1063,1074
2489,1063,1077
2490,1066,1075
2491,1065,1076
2492,1067,1077
2493,1066,1078
2494,1068,1075
2495,1068,1079
2496,1072,1079
2497,1068,1080
2498,1071,1081
2499,1068,1081
2500,1070,1080
2501,1071,1083
2502,1069,1083
2503,1072,1085
2504,1071,1083
2505,1073,1083
2506,1071,1084
2507,1074,1085
2508,1073,1087
2509,1077,1085
2510,1074,1088
2511,1073,1085
2512,1074,1088
2513,1075,1089
2514,1076,1092
2515,1077,1088
2516,1077,1090
2517,1076,1090
2518,1083,1088
2519,1078,1090
2520,1077,1092
2521,1080,1093
2522,1081,1093
2523,1080,1093
2524,1081,1095
2525,1082,1094
2526,1081,1097
2527,1082,1095
2528,1083,1094
2529,1089,1096
2530,1086,1096
2531,1086,1097
2532,1086,1097
2533,1087,1097
2534,1090,1099
2535,1084,1100
2536,1086,1098
2537,1089,1099
2538,1090,1099
2539,1102,1101
2540,1089,1101
2541,1091,1104
2542,1093,1104
2543,1093,1103
2544,1090,1104
2545,1093,1103
2546,1092,1105
2547,1090,1108
2548,1091,1104
2549,1093,1104
2550,1096,1108
2551,1093,1106
2552,1095,1108
2553,1094,1108
2554,1097,1108
2555,1097,1110
2556,1096,1108
2557,1102,1110
2558,1096,1113
2559,1099,1116
2560,1098,1113
2561,1098,1112
2562,1104,1113
2563,1099,1114
2564,1100,1114
2565,1102,1115
2566,1102,1114
2567,1103,1113
2568,1103,1116
2569,1104,1116
2570,1103,1118
2571,1105,1117
2572,1103,1125
2573,1107,1116
2574,1106,1118
2575,1110,1118
2576,1109,1121
2577,1118,1121
2578,1107,1120
2579,1107,1120
2580,1109,1121
2581,1108,1126
2582,1109,1124
2583,1110,1123
2584,1112,1122
2585,1110,1124
2586,1113,1123
2587,1112,1126
2588,1110,1124
2589,1110,1126
2590,1111,1126
2591,1124,1128
2592,1114,1126
2593,1117,1129
2594,1116,1129
2595,1113,1131
2596,1113,1131
2597,1114,1133
2598,1128,1131
2599,1116,1132
2600,1116,1133
2601,1116,1131
2602,1116,1131
2603,1120,1132
2604,1119,1130
2605,1126,1131
2606,1118,1133
2607,1119,1133
2608,1120,1135
2609,1119,1136
2610,1124,1137
2611,1125,1137
2612,1121,1137
2613,1125,1137
2614,1124,1137
2615,1123,1138
2616,1127,1140
2617,1124,1141
2618,1124,1142
2619,1124,1142
2620,1127,1142
2621,1126,1145
2622,1130,1141
2623,1127,1144
2624,1132,1145
2625,1132,1144
2626,1129,1146
2627,1129,1149
2628,1129,1149
2629,1135,1148
2630,1135,1148
2631,1130,1145
2632,1132,1150
2633,1135,1149
2634,1132,1148
2635,1140,1148
2636,1133,1147
2637,1133,1148
2638,1134,1149
2639,1136,1154
2640,1134,1152
2641,1138,1149
2642,1150,1150
2643,1140,1156
2644,1138,1155
2645,1136,1153
2646,1138,1151
2647,1149,1153
2648,1139,1154
2649,1141,1155
2650,1140,1153
2651,1142,1157
2652,1158,1155
2653,1143,1160
2654,1143,1158
2655,1143,1159
2656,1142,1158
2657,1144,1158
2658,1145,1162
2659,1150,1161
2660,1146,1158
2661,1144,1164
2662,1145,1161
2663,1147,1163
2664,1149,1163
2665,1162,1163
2666,1148,1164
2667,1148,1164
2668,1147,1166
2669,1151,1163
2670,1155,1167
2671,1151,1169
2672,1151,1167
2673,1161,1163
2674,1153,1168
2675,1161,1167
2676,1154,1168
2677,1155,1168
2678,1153,1170
2679,1154,1169
2680,1167,1168
2681,1154,1172
2682,1155,1172
2683,1155,1170
2684,1155,1169
2685,1170,1175
2686,1160,1172
2687,1157,1174
2688,1158,1175
2689,1162,1175
2690,1161,1174
2691,1160,1176
2692,1172,1174
2693,1163,1174
2694,1162,1177
2695,1163,1181
2696,1164,1180
2697,1162,1178
2698,1163,1178
2699,1163,1177
2700,1163,1181
2701,1164,1179
2702,1165,1181
2703,1168,1184
2704,1203,1182
2705,1165,1182
2706,1167,1187
2707,1166,1182
2708,1167,1185
2709,1167,1185
2710,1168,1185
2711,1169,1187
2712,1173,1186
2713,1174,1189
2714,1172,1189
2715,1183,1187
2716,1181,1192
2717,1175,1190
2718,1175,1190
2719,1173,1189
2720,1176,1191
2721,1187,1191
2722,1175,1192
2723,1176,1191
2724,1179,1192
2725,1180,1192
2726,1193,1196
2727,1177,1195
2728,1178,1196
2729,1176,1197
2730,1180,1193
2731,1181,1195
2732,1179,1195
2733,1181,1198
2734,1181,1197
2735,1181,1194
2736,1185,1198
2737,1185,1197
2738,1183,1198
2739,1182,1201
2740,1185,1203
2741,1200,1201
2742,1185,1203
2743,1187,1201
2744,1189,1202
2745,1186,1203
2746,1203,1205
2747,1186,1204
2748,1194,1206
2749,1189,1206
2750,1188,1202
2751,1203,1202
2752,1196,1202
2753,1194,1209
2754,1205,1207
2755,1192,1206
2756,1194,1210
2757,1193,1209
2758,1192,1209
2759,1197,1209
2760,1196,1207
2761,1193,1211
2762,1195,1208
2763,1201,1207
2764,1196,1211
2765,1195,1213
2766,1196,1214
2767,1199,1210
2768,1199,1214
2769,1202,1215
2770,1200,1218
2771,1197,1216
2772,1206,1218
2773,1202,1214
2774,1201,1215
2775,1201,1217
2776,1201,1217
2777,1218,1215
2778,1202,1218
2779,1204,1222
2780,1204,1219
2781,1211,1220
2782,1209,1220
2783,1213,1220
2784,1205,1220
2785,1208,1220
2786,1206,1224
2787,1206,1223
2788,1209,1223
2789,1210,1224
2790,1225,1225
2791,1210,1224
2792,1210,1226
2793,1213,1224
2794,1211,1226
2795,1219,1226
2796,1217,1226
2797,1219,1226
2798,1230,1226
2799,1213,1227
2800,1215,1228
2801,1215,1228
2802,1216,1231
2803,1221,1233
2804,1215,1231
2805,1217,1232
2806,1218,1232
2807,1222,1231
2808,1221,1232
2809,1221,1234
2810,1219,1232
2811,1223,1233
2812,1224,1235
2813,1225,1235
2814,1223,1239
2815,1221,1239
2816,1229,1239
2817,1223,1236
2818,1226,1236
2819,1224,1235
2820,1223,1241
2821,1225,1241
2822,1224,1237
2823,1226,1239
2824,1242,1240
2825,1228,1240
2826,1226,1243
2827,1225,1242
2828,1229,1240
2829,1228,1246
2830,1230,1245
2831,1228,1243
2832,1231,1243
2833,1233,1246
2834,1231,1246
2835,1230,1245
2836,1233,1248
2837,1231,1245
2838,1234,1244
2839,1236,1249
2840,1235,1248
2841,1237,1248
2842,1234,1250
2843,1235,1248
2844,1237,1250
2845,1236,1246
2846,1240,1250
2847,1239,1251
2848,1241,1253
2849,1239,1251
2850,1245,1254
2851,1239,1254
2852,1242,1256
2853,1246,1252
2854,1242,1257
2855,1244,1257
2856,1242,1256
2857,1242,1257
2858,1244,1257
2859,1244,1256
2860,1248,1261
2861,1252,1258
2862,1246,1258
2863,1246,1262
2864,1246,1257
2865,1248,1262
2866,1247,1260
2867,1249,1263
2868,1247,1265
2869,1250,1260
2870,1250,1264
2871,1251,1265
2872,1251,1265
2873,1251,1265
2874,1252,1265
2875,1255,1267
2876,1250,1267
2877,1254,1265
2878,1255,1268
2879,1253,1269
2880,1255,1269
2881,1272,1268
2882,1256,1268
2883,1260,1270
2884,1256,1270
2885,1255,1270
2886,1256,1273
2887,1261,1274
2888,1258,1273
2889,1258,1277
2890,1261,1275
2891,1259,1272
2892,1262,1276
2893,1259,1274
2894,1263,1274
2895,1280,1274
2896,1262,1278
2897,1261,1282
2898,1266,1277
2899,1262,1276
2900,1267,1276
2901,1265,1279
2902,1267,1281
2903,1270,1281
2904,1269,1280
2905,1269,1280
2906,1267,1281
2907,1268,1281
2908,1271,1281
2909,1270,1280
2910,1270,1283
2911,1273,1281
2912,1269,1287
2913,1276,1283
2914,1272,1284
2915,1272,1287
2916,1271,1286
2917,1274,1285
2918,1283,1284
2919,1276,1285
2920,1274,1286
2921,1276,1290
2922,1279,1289
2923,1277,1291
2924,1277,1290
2925,1278,1291
2926,1278,1289
2927,1279,1289
2928,1277,1289
2929,1280,1291
2930,1280,1291
2931,1280,1294
2932,1282,1297
2933,1284,1295
2934,1289,1294
2935,1283,1294
2936,1285,1294
2937,1283,1296
2938,1284,1297
2939,1288,1295
2940,1287,1296
2941,1305,1297
2942,1284,1298
2943,1294,1299
2944,1290,1302
2945,1287,1300
2946,1288,1300
2947,1288,1302
2948,1290,1303
2949,1288,1302
2950,1292,1300
2951,1293,1302
2952,1295,1303
2953,1293,1303
2954,1293,1309
2955,1293,1305
2956,1298,1304
2957,1294,1308
2958,1295,1310
2959,1295,1308
2960,1295,1310
2961,1296,1308
2962,1297,1316
2963,1294,1308
2964,1299,1311
2965,1296,1313
2966,1300,1311
2967,1299,1311
2968,1301,1311
2969,1302,1313
2970,1300,1312
2971,1303,1312
2972,1304,1313
2973,1303,1314
2974,1303,1313
2975,1303,1315
2976,1308,1316
2977,1303,1316
2978,1326,1315
2979,1314,1317
2980,1305,1318
2981,1326,1317
2982,1318,1317
2983,1311,1319
2984,1321,1320
2985,1308,1318
2986,1309,1322
2987,1311,1321
2988,1310,1322
2989,1316,1321
2990,1329,1321
2991,1312,1322
2992,1310,1324
2993,1333,1324
2994,1312,1323
2995,1313,1326
2996,1314,1323
2997,1314,1325
2998,1316,1323
2999,1317,1327
3000,1315,1325
3001,1316,1332
3002,1317,1330
3003,1316,1330
3004,1318,1329
3005,1333,1328
3006,1320,1334
3007,1323,1334
3008,1320,1328
3009,1320,1330
3010,1326,1330
3011,1322,1333
3012,1321,1331
3013,1325,1334
3014,1324,1336
3015,1323,1335
3016,1324,1337
3017,1325,1335
3018,1324,1336
3019,1328,1340
3020,1324,1337
3021,1325,1336
3022,1327,1335
3023,1328,1341
3024,1326,1341
3025,1330,1340
3026,1328,1340
3027,1336,1343
3028,1334,1342
3029,1331,1344
3030,1331,1341
3031,1331,1341
3032,1332,1342
3033,1333,1346
3034,1333,1343
3035,1334,1342
3036,1336,1345
3037,1334,1347
3038,1339,1344
3039,1344,1345
3040,1338,1348
3041,1339,1349
3042,1341,1344
3043,1341,1350
3044,1338,1351
3045,1340,1350
3046,1340,1346
3047,1340,1349
3048,1344,1350
3049,1343,1352
3050,1342,1350
3051,1343,1356
3052,1344,1351
3053,1345,1353
3054,1344,1352
3055,1348,1351
3056,1347,1350
3057,1346,1356
3058,1347,1353
3059,1348,1355
3060,1347,1357
3061,1349,1355
3062,1356,1354
3063,1350,1358
3064,1363,1354
3065,1349,1357
3066,1351,1357
3067,1354,1359
3068,1351,1364
3069,1354,1364
3070,1354,1362
3071,1355,1362
3072,1353,1365
3073,1353,1363
3074,1354,1363
3075,1355,1362
3076,1356,1362
3077,1358,1366
3078,1379,1363
3079,1356,1365
3080,1358,1365
3081,1378,1366
3082,1358,1378
3083,1358,1369
3084,1381,1367
3085,1359,1370
3086,1365,1368
3087,1362,1371
3088,1362,1370
3089,1361,1371
3090,1364,1368
3091,1363,1373
3092,1362,1372
3093,1365,1371
3094,1370,1369
3095,1366,1372
3096,1370,1375
3097,1366,1373
3098,1365,1373
3099,1368,1378
3100,1369,1379
3101,1387,1378
3102,1367,1378
3103,1377,1374
3104,1369,1377
3105,1390,1373
3106,1370,1384
3107,1373,1379
3108,1369,1382
3109,1372,1381
3110,1374,1382
3111,1374,1384
3112,1374,1382
3113,1373,1381
3114,1373,1383
3115,1395,1384
3116,1373,1379
3117,1374,1384
3118,1379,1383
3119,1378,1389
3120,1377,1387
3121,1385,1384
3122,1386,1388
3123,1389,1387
3124,1382,1387
3125,1381,1389
3126,1380,1387
3127,1381,1392
3128,1387,1391
3129,1379,1391
3130,1388,1390
3131,1383,1389
3132,1385,1392
3133,1383,1394
3134,1385,1392
3135,1405,1394
3136,1386,1397
3137,1386,1393
3138,1387,1398
3139,1385,1397
3140,1388,1402
3141,1387,1396
3142,1389,1400
3143,1387,1399
3144,1388,1399
3145,1410,1398
3146,1389,1404
3147,1389,1400
3148,1399,1404
3149,1402,1406
3150,1394,1402
3151,1390,1403
3152,1412,1404
3153,1392,1403
3154,1391,1404
3155,1392,1402
3156,1395,1408
3157,1394,1407
3158,1399,1411
3159,1395,1408
3160,1395,1408
3161,1394,1403
3162,1396,1408
3163,1397,1409
3164,1396,1410
3165,1397,1406
3166,1420,1412
3167,1405,1409
3168,1402,1409
3169,1399,1412
3170,1401,1414
3171,1400,1412
3172,1411,1412
3173,1424,1414
3174,1402,1414
3175,1404,1416
3176,1406,1412
3177,1405,1415
3178,1406,1418
3179,1405,1418
3180,1408,1418
3181,1407,1413
3182,1406,1420
3183,1407,1419
3184,1407,1417
3185,1407,1417
3186,1407,1418
3187,1431,1419
3188,1409,1420
3189,1411,1419
3190,1410,1419
3191,1414,1422
3192,1414,1418
3193,1411,1423
3194,1437,1425
3195,1415,1420
3196,1412,1422
3197,1414,1424
3198,1414,1422
3199,1414,1423
3200,1416,1426
3201,1422,1431
3202,1415,1428
3203,1415,1428
3204,1416,1429
3205,1418,1423
3206,1418,1431
3207,1418,1428
3208,1441,1429
3209,1423,1431
3210,1419,1432
3211,1427,1429
3212,1420,1430
3213,1421,1432
3214,1422,1439
3215,1422,1432
3216,1432,1433
3217,1424,1433
3218,1426,1433
3219,1425,1435
3220,1423,1437
3221,1426,1434
3222,1449,1434
3223,1425,1439
3224,1426,1438
3225,1426,1437
3226,1449,1440
3227,1427,1439
3228,1429,1441
3229,1443,1438
3230,1430,1441
3231,1433,1442
3232,1431,1444
3233,1433,1444
3234,1429,1443
3235,1435,1450
3236,1433,1444
3237,1435,1444
3238,1433,1445
3239,1439,1443
3240,1448,1445
3241,1436,1448
3242,1438,1448
3243,1436,1448
3244,1437,1448
3245,1438,1447
3246,1438,1445
3247,1439,1448
3248,1438,1451
3249,1440,1450
3250,1439,1453
3251,1440,1450
3252,1440,1452
3253,1441,1447
3254,1443,1455
3255,1441,1452
3256,1451,1454
3257,1443,1454
3258,1443,1457
3259,1443,1456
3260,1448,1455
3261,1453,1459
3262,1444,1459
3263,1446,1456
3264,1448,1456
3265,1449,1459
3266,1447,1458
3267,1449,1458
3268,1460,1459
3269,1450,1461
3270,1453,1463
3271,1453,1466
3272,1472,1466
3273,1450,1466
3274,1451,1461
3275,1452,1461
3276,1452,1462
3277,1458,1462
3278,1454,1466
3279,1464,1467
3280,1455,1464
3281,1458,1467
3282,1456,1466
3283,1463,1467
3284,1457,1466
3285,1461,1465
3286,1457,1472
3287,1490,1469
3288,1460,1472
3289,1462,1469
3290,1462,1472
3291,1460,1471
3292,1463,1473
3293,1462,1471
3294,1463,1474
3295,1463,1471
3296,1466,1472
3297,1462,1478
3298,1491,1476
3299,1471,1477
3300,1466,1473
3301,1467,1472
3302,1469,1475
3303,1470,1479
3304,1490,1475
3305,1466,1476
3306,1469,1475
3307,1486,1476
3308,1473,1479
3309,1472,1477
3310,1472,1480
3311,1470,1480
3312,1471,1479
3313,1480,1480
3314,1473,1485
3315,1473,1480
3316,1474,1481
3317,1477,1483
3318,1475,1482
3319,1474,1486
3320,1501,1485
3321,1477,1486
3322,1478,1486
3323,1478,1486
3324,1478,1486
3325,1479,1491
3326,1477,1487
3327,1492,1489
3328,1481,1493
3329,1489,1495
3330,1480,1490
3331,1481,1491
3332,1482,1492
3333,1483,1491
3334,1485,1493
3335,1491,1493
3336,1483,1493
3337,1493,1490
3338,1486,1493
3339,1488,1495
3340,1488,1497
3341,1488,1493
3342,1489,1496
3343,1512,1497
3344,1491,1497
3345,1489,1497
3346,1490,1497
3347,1497,1496
3348,1515,1500
3349,1489,1498
3350,1493,1502
3351,1492,1501
3352,1491,1502
3353,1493,1501
3354,1494,1503
3355,1510,1503
3356,1494,1502
3357,1516,1502
3358,1496,1503
3359,1496,1502
3360,1497,1508
3361,1496,1504
3362,1507,1504
3363,1497,1510
3364,1499,1511
3365,1499,1509
3366,1499,1508
3367,1499,1512
3368,1498,1507
3369,1514,1511
3370,1502,1510
3371,1504,1515
3372,1505,1510
3373,1504,1514
3374,1506,1509
3375,1513,1512
3376,1506,1509
3377,1507,1511
3378,1507,1511
3379,1505,1519
3380,1518,1518
3381,1507,1520
3382,1510,1516
3383,1507,1514
3384,1543,1518
3385,1510,1517
3386,1512,1517
3387,1513,1521
3388,1510,1517
3389,1515,1518
3390,1512,1518
3391,1511,1517
3392,1512,1517
3393,1514,1517
3394,1516,1520
3395,1516,1524
3396,1515,1521
3397,1517,1523
3398,1527,1524
3399,1517,1524
3400,1517,1526
3401,1517,1527
3402,1519,1524
3403,1519,1527
3404,1518,1528
3405,1518,1530
3406,1520,1526
3407,1544,1529
3408,1527,1529
3409,1528,1530
3410,1523,1529
3411,1521,1530
3412,1523,1531
3413,1523,1530
3414,1526,1537
3415,1532,1535
3416,1551,1536
3417,1528,1531
3418,1529,1533
3419,1536,1540
3420,1527,1535
3421,1528,1535
3422,1538,1532
3423,1529,1533
3424,1533,1538
3425,1531,1541
3426,1532,1534
3427,1533,1538
3428,1536,1539
3429,1556,1539
3430,1533,1542
3431,1578,1539
3432,1535,1542
3433,1533,1542
3434,1535,1545
3435,1537,1545
3436,1536,1544
3437,1537,1543
3438,1538,1545
3439,1547,1543
3440,1541,1544
3441,1539,1545
3442,1544,1548
3443,1539,1546
3444,1541,1549
3445,1541,1547
3446,1543,1546
3447,1543,1549
3448,1543,1547
3449,1543,1549
3450,1565,1554
3451,1544,1549
3452,1553,1549
3453,1546,1547
3454,1567,1551
3455,1546,1550
3456,1546,1554
3457,1548,1561
3458,1549,1554
3459,1550,1555
3460,1554,1551
3461,1551,1554
3462,1551,1558
3463,1552,1554
3464,1550,1557
3465,1551,1558
3466,1553,1558
3467,1558,1555
3468,1553,1562
3469,1554,1556
3470,1556,1558
3471,1556,1560
3472,1556,1558
3473,1555,1561
3474,1557,1565
3475,1558,1566
3476,1557,1564
3477,1559,1564
3478,1560,1564
3479,1559,1563
3480,1560,1566
3481,1559,1570
3482,1564,1566
3483,1561,1575
3484,1569,1566
3485,1564,1564
3486,1562,1570
3487,1563,1567
3488,1565,1571
3489,1568,1568
3490,1565,1566
3491,1575,1571
3492,1567,1568
3493,1570,1570
3494,1567,1572
3495,1571,1575
3496,1573,1573
3497,1577,1575
3498,1569,1577
3499,1571,1572
3500,1570,1581
3501,1573,1575
3502,1571,1575
3503,1579,1575
3504,1574,1581
3505,1573,1576
3506,1575,1577
3507,1578,1575
3508,1578,1579
3509,1574,1579
3510,1578,1579
3511,1578,1581
3512,1581,1583
3513,1578,1581
3514,1602,1579
3515,1582,1584
3516,1582,1583
3517,1582,1582
3518,1585,1588
3519,1583,1581
3520,1583,1584
3521,1587,1584
3522,1586,1589
3523,1583,1586
3524,1589,1588
3525,1583,1589
3526,1588,1586
3527,1585,1585
3528,1612,1585
3529,1590,1589
3530,1590,1590
3531,1595,1591
3532,1589,1592
3533,1604,1588
3534,1589,1592
3535,1606,1595
3536,1591,1592
3537,1600,1595
3538,1592,1594
3539,1610,1596
3540,1595,1593
3541,1596,1596
3542,1598,1593
3543,1596,1598
3544,1596,1597
3545,1619,1596
3546,1596,1600
3547,1598,1597
3548,1597,1600
3549,1600,1598
3550,1621,1600
3551,1603,1595
3552,1598,1601
3553,1602,1601
3554,1602,1603
3555,1613,1604
3556,1625,1602
3557,1603,1602
3558,1603,1601
3559,1604,1602
3560,1607,1606
3561,1604,1607
3562,1604,1604
3563,1606,1604
3564,1609,1605
3565,1617,1606
3566,1631,1604
3567,1609,1606
3568,1610,1608
3569,1608,1611
3570,1614,1609
3571,1621,1611
3572,1610,1612
3573,1612,1612
3574,1629,1613
3575,1624,1608
3576,1619,1612
3577,1618,1613
3578,1614,1609
3579,1617,1615
3580,1616,1610
3581,1618,1615
3582,1615,1618
3583,1618,1621
3584,1675,1620
3585,1629,1619
3586,1620,1617
3587,1617,1619
3588,1620,1619
3589,1622,1615
3590,1624,1613
3591,1624,1621
3592,1622,1624
3593,1623,1622
3594,1622,1623
3595,1627,1623
3596,1626,1623
3597,1627,1623
3598,1631,1624
3599,1625,1622
3600,1628,1627
3601,1628,1625
3602,1626,1625
3603,1628,1623
3604,1627,1626
3605,1637,1628
3606,1630,1626
3607,1629,1625
3608,1636,1627
3609,1632,1628
3610,1633,1629
3611,1654,1628
3612,1633,1627
3613,1634,1625
3614,1634,1628
3615,1648,1634
3616,1634,1631
3617,1635,1629
3618,1636,1633
3619,1635,1630
3620,1637,1637
3621,1639,1636
3622,1644,1636
3623,1638,1634
3624,1642,1636
3625,1664,1633
3626,1640,1637
3627,1642,1635
3628,1640,1643
3629,1642,1636
3630,1644,1635
3631,1643,1639
3632,1643,1641
3633,1647,1639
3634,1646,1640
3635,1648,1644
3636,1667,1644
3637,1649,1644
3638,1648,1642
3639,1657,1641
3640,1648,1643
3641,1653,1646
3642,1651,1644
3643,1650,1647
3644,1669,1646
3645,1651,1643
3646,1652,1647
3647,1652,1647
3648,1651,1647
3649,1651,1650
3650,1653,1651
3651,1653,1649
3652,1654,1646
3653,1655,1652
3654,1654,1652
3655,1684,1652
3656,1655,1654
3657,1659,1653
3658,1660,1653
3659,1660,1654
3660,1657,1656
3661,1658,1655
3662,1658,1658
3663,1661,1656
3664,1661,1657
3665,1665,1653
3666,1662,1659
3667,1664,1660
3668,1683,1658
3669,1663,1658
3670,1664,1661
3671,1665,1660
3672,1663,1660
3673,1670,1660
3674,1668,1661
3675,1667,1662
3676,1667,1660
3677,1667,1662
3678,1668,1660
3679,1667,1667
3680,1670,1663
3681,1668,1660
3682,1669,1664
3683,1670,1673
3684,1678,1662
3685,1672,1669
3686,1672,1667
3687,1693,1667
3688,1673,1666
3689,1677,1668
3690,1676,1666
3691,1676,1667
3692,1680,1669
3693,1706,1677
3694,1676,1673
3695,1677,1670
3696,1679,1675
3697,1679,1669
3698,1678,1673
3699,1702,1677
3700,1683,1675
3701,1682,1672
3702,1682,1671
3703,1682,1679
3704,1682,1673
3705,1690,1674
3706,1685,1674
3707,1686,1679
3708,1686,1676
3709,1686,1678
3710,1685,1680
3711,1687,1673
3712,1688,1680
3713,1688,1681
3714,1696,1682
3715,1690,1689
3716,1691,1684
3717,1691,1685
3718,1690,1682
3719,1691,1684
3720,1693,1687
3721,1701,1686
3722,1693,1684
3723,1692,1687
3724,1692,1683
3725,1696,1688
3726,1694,1686
3727,1696,1686
3728,1696,1683
3729,1696,1695
3730,1698,1686
3731,1700,1688
3732,1719,1691
3733,1699,1693
3734,1700,1692
3735,1700,1692
3736,1700,1694
3737,1702,1694
3738,1703,1692
3739,1702,1694
3740,1710,1697
3741,1703,1696
3742,1703,1692
3743,1704,1699
3744,1703,1694
3745,1705,1694
3746,1703,1696
3747,1709,1697
3748,1709,1697
3749,1706,1697
3750,1707,1699
3751,1710,1701
3752,1705,1702
3753,1709,1703
3754,1710,1698
3755,1713,1699
3756,1712,1702
3757,1716,1704
3758,1713,1702
3759,1726,1703
3760,1745,1703
3761,1714,1701
3762,1722,1704
3763,1712,1706
3764,1713,1704
3765,1738,1705
3766,1718,1704
3767,1721,1709
3768,1731,1705
3769,1717,1707
3770,1718,1709
3771,1718,1706
3772,1718,1708
3773,1722,1709
3774,1723,1707
3775,1725,1709
3776,1722,1721
3777,1723,1710
3778,1724,1715
3779,1725,1714
3780,1725,1715
3781,1748,1715
3782,1746,1717
3783,1726,1714
3784,1727,1716
3785,1727,1713
3786,1729,1713
3787,1742,1717
3788,1749,1718
3789,1751,1717
3790,1737,1716
3791,1731,1720
3792,1730,1722
3793,1735,1723
3794,1731,1718
3795,1732,1720
3796,1736,1720
3797,1733,1720
3798,1738,1721
3799,1736,1723
3800,1742,1723
3801,1735,1718
3802,1758,1722
3803,1739,1727
3804,1738,1724
3805,1739,1722
3806,1739,1723
3807,1741,1734
3808,1752,1727
3809,1740,1729
3810,1763,1728
3811,1741,1726
3812,1742,1724
3813,1742,1727
3814,1743,1732
3815,1758,1725
3816,1747,1729
3817,1744,1729
3818,1766,1731
3819,1754,1734
3820,1750,1737
3821,1749,1733
3822,1769,1734
3823,1751,1735
3824,1750,1732
3825,1750,1731
3826,1751,1736
3827,1758,1735
3828,1750,1737
3829,1752,1738
3830,1755,1737
3831,1755,1732
3832,1756,1740
3833,1755,1738
3834,1757,1740
3835,1757,1743
3836,1758,1741
3837,1756,1744
3838,1770,1745
3839,1780,1749
3840,1761,1740
3841,1760,1741
3842,1760,1744
3843,1762,1743
3844,1790,1740
3845,1762,1745
3846,1764,1747
3847,1764,1746
3848,1764,1748
3849,1764,1744
3850,1762,1741
3851,1763,1747
3852,1763,1754
3853,1769,1755
3854,1767,1749
3855,1768,1754
3856,1770,1751
3857,1767,1753
3858,1767,1750
3859,1769,1749
3860,1772,1745
3861,1769,1754
3862,1768,1754
3863,1769,1753
3864,1771,1752
3865,1775,1753
3866,1775,1754
3867,1783,1756
3868,1773,1755
3869,1795,1755
3870,1780,1755
3871,1776,1753
3872,1778,1755
3873,1783,1757
3874,1797,1761
3875,1777,1758
3876,1781,1761
3877,1776,1760
3878,1783,1761
3879,1784,1765
3880,1781,1762
3881,1782,1760
3882,1783,1762
3883,1801,1758
3884,1784,1768
3885,1783,1760
3886,1785,1763
3887,1784,1764
3888,1787,1762
3889,1786,1763
3890,1785,1770
3891,1789,1766
3892,1796,1767
3893,1807,1770
3894,1791,1770
3895,1790,1767
3896,1790,1766
3897,1791,1770
3898,1791,1771
3899,1791,1769
3900,1795,1772
3901,1798,1771
3902,1796,1773
3903,1814,1775
3904,1794,1775
3905,1794,1774
3906,1806,1775
3907,1798,1774
3908,1794,1775
3909,1802,1779
3910,1798,1778
3911,1798,1777
3912,1820,1776
3913,1800,1780
3914,1798,1778
3915,1803,1778
3916,1806,1780
3917,1802,1781
3918,1801,1781
3919,1803,1781
3920,1805,1784
3921,1806,1783
3922,1805,1782
3923,1824,1786
3924,1810,1778
3925,1805,1783
3926,1806,1785
3927,1806,1786
3928,1811,1794
3929,1808,1784
3930,1813,1789
3931,1810,1789
3932,1809,1784
3933,1813,1790
3934,1841,1789
3935,1814,1781
3936,1823,1789
3937,1813,1785
3938,1821,1793
3939,1816,1793
3940,1835,1792
3941,1814,1789
3942,1822,1792
3943,1816,1802
3944,1817,1794
3945,1819,1791
3946,1824,1791
3947,1821,1796
3948,1826,1794
3949,1821,1794
3950,1821,1796
3951,1820,1799
3952,1821,1799
3953,1823,1799
3954,1827,1802
3955,1822,1801
3956,1839,1799
3957,1838,1800
3958,1824,1797
3959,1829,1802
3960,1833,1802
3961,1827,1805
3962,1825,1805
3963,1829,1810
3964,1827,1806
3965,1827,1805
3966,1831,1804
3967,1832,1808
3968,1834,1803
3969,1831,1807
3970,1831,1810
3971,1834,1810
3972,1833,1807
3973,1853,1807
3974,1852,1813
3975,1834,1810
3976,1835,1809
3977,1835,1811
3978,1835,1811
3979,1839,1811
3980,1838,1809
3981,1834,1815
3982,1840,1810
3983,1841,1812
3984,1840,1815
3985,1842,1809
3986,1840,1815
3987,1861,1817
3988,1860,1814
3989,1843,1817
3990,1842,1815
3991,1842,1816
3992,1844,1818
3993,1843,1820
3994,1846,1817
3995,1848,1825
3996,1848,1816
3997,1845,1825
3998,1851,1822
3999,1851,1818
4000,1849,1824
4001,1856,1823
4002,1872,1826
4003,1848,1823
4004,1850,1824
4005,1851,1826
4006,1855,1826
4007,1861,1825
4008,1854,1825
4009,1855,1828
4010,1872,1828
4011,1854,1829
4012,1861,1828
4013,1855,1828
4014,1878,1827
4015,1859,1830
4016,1857,1832
4017,1858,1828
4018,1859,1828
4019,1864,1832
4020,1859,1833
4021,1862,1833
4022,1866,1836
4023,1862,1832
4024,1863,1836
4025,1863,1834
4026,1867,1832
4027,1864,1833
4028,1864,1839
4029,1865,1833
4030,1865,1835
4031,1884,1836
4032,1885,1835
4033,1866,1836
4034,1868,1836
4035,1868,1838
4036,1881,1837
4037,1869,1838
4038,1870,1837
4039,1891,1835
4040,1889,1838
4041,1875,1838
4042,1873,1841
4043,1871,1840
4044,1872,1841
4045,1873,1837
4046,1873,1845
4047,1873,1841
4048,1876,1844
4049,1874,1849
4050,1876,1843
4051,1877,1846
4052,1887,1845
4053,1882,1844
4054,1900,1845
4055,1891,1846
4056,1879,1850
4057,1881,1849
4058,1882,1850
4059,1886,1850
4060,1881,1850
4061,1882,1848
4062,1892,1850
4063,1883,1854
4064,1884,1852
4065,1884,1855
4066,1893,1857
4067,1887,1854
4068,1889,1856
4069,1887,1856
4070,1909,1857
4071,1886,1858
4072,1889,1857
4073,1895,1856
4074,1892,1865
4075,1909,1858
4076,1894,1858
4077,1894,1861
4078,1892,1863
4079,1896,1863
4080,1893,1860
4081,1893,1856
4082,1898,1863
4083,1895,1865
4084,1900,1863
4085,1923,1863
4086,1900,1864
4087,1897,1867
4088,1900,1864
4089,1902,1862
4090,1904,1862
4091,1899,1867
4092,1903,1867
4093,1903,1867
4094,1905,1868
4095,1902,1872
4096,1904,1872
4097,1902,1873
4098,1906,1870
4099,1911,1873
4100,1904,1868
4101,1903,1868
4102,1931,1875
4103,1906,1876
4104,1906,1871
4105,1913,1872
4106,1908,1874
4107,1907,1866
4108,1907,1874
4109,1910,1874
4110,1910,1877
4111,1910,1875
4112,1911,1874
4113,1910,1878
4114,1912,1882
4115,1914,1876
4116,1913,1878
4117,1911,1876
4118,1917,1881
4119,1919,1881
4120,1942,1881
4121,1913,1883
4122,1915,1885
4123,1917,1882
4124,1916,1885
4125,1918,1886
4126,1918,1887
4127,1918,1883
4128,1918,1884
4129,1921,1887
4130,1919,1883
4131,1920,1886
4132,1939,1889
4133,1924,1890
4134,1919,1891
4135,1923,1890
4136,1923,1889
4137,1921,1889
4138,1922,1889
4139,1922,1891
4140,1936,1892
4141,1925,1894
4142,1928,1892
4143,1926,1894
4144,1928,1896
4145,1923,1893
4146,1926,1899
4147,1924,1897
4148,1925,1897
4149,1929,1899
4150,1927,1896
4151,1927,1897
4152,1926,1896
4153,1952,1901
4154,1930,1899
4155,1930,1902
4156,1931,1900
4157,1935,1905
4158,1934,1903
4159,1932,1904
4160,1935,1903
4161,1937,1906
4162,1933,1906
4163,1933,1904
4164,1938,1907
4165,1939,1906
4166,1934,1906
4167,1936,1907
4168,1945,1912
4169,1938,1909
4170,1938,1909
4171,1937,1908
4172,1940,1912
4173,1941,1914
4174,1940,1912
4175,1940,1912
4176,1941,1914
4177,1961,1911
4178,1951,1913
4179,1943,1915
4180,1945,1914
4181,1946,1914
4182,1944,1916
4183,1944,1917
4184,1945,1916
4185,1950,1919
4186,1956,1920
4187,1950,1917
4188,1947,1917
4189,1948,1916
4190,1952,1923
4191,1952,1920
4192,1950,1924
4193,1957,1923
4194,1953,1927
4195,1950,1923
4196,1952,1922
4197,1950,1925
4198,1952,1925
4199,1950,1924
4200,1957,1926
4201,1957,1922
4202,1974,1928
4203,1978,1927
4204,1957,1928
4205,1957,1929
4206,1954,1927
4207,1956,1928
4208,1958,1929
4209,1956,1929
4210,1959,1928
4211,1959,1932
4212,1962,1933
4213,1959,1936
4214,1968,1933
4215,1961,1933
4216,1959,1931
4217,1963,1934
4218,1964,1936
4219,1961,1940
4220,1962,1941
4221,1962,1936
4222,1967,1938
4223,1964,1939
4224,1966,1941
4225,1975,1944
4226,1965,1942
4227,1965,1942
4228,1972,1939
4229,1985,1939
4230,1988,1941
4231,1993,1948
4232,1987,1943
4233,1988,1941
4234,1981,1943
4235,1970,1943
4236,1978,1945
4237,1969,1948
4238,1975,1949
4239,1980,1945
4240,1993,1947
4241,1992,1948
4242,1983,1949
4243,1972,1948
4244,1975,1948
4245,1971,1949
4246,1975,1953
4247,1985,1953
4248,1978,1953
4249,1979,1950
4250,1976,1951
4251,1983,1955
4252,1976,1955
4253,1975,1953
4254,1980,1953
4255,1976,1955
4256,1981,1953
4257,1979,1957
4258,1982,1959
4259,1980,1961
4260,1985,1957
4261,1982,1960
4262,2003,1959
4263,1986,1960
4264,1986,1959
4265,1987,1965
4266,1985,1965
4267,1985,1965
4268,1992,1964
4269,1986,1963
4270,1986,1964
4271,1987,1965
4272,1986,1965
4273,1991,1965
4274,1990,1963
4275,1987,1973
4276,1994,1968
4277,1988,1968
4278,1990,1969
4279,1990,1974
4280,1992,1971
4281,1992,1971
4282,1996,1972
4283,1992,1969
4284,1992,1974
4285,1999,1976
4286,1992,1977
4287,1995,1974
4288,1997,1974
4289,1995,1973
4290,1995,1975
4291,1998,1974
4292,2011,1981
4293,1996,1979
4294,1996,1973
4295,2003,1975
4296,1998,1978
4297,1999,1979
4298,2006,1979
4299,2000,1983
4300,2000,1981
4301,2006,1980
4302,2002,1979
4303,2003,1983
4304,2001,1988
4305,2005,1980
4306,2004,1981
4307,2004,1987
4308,2006,1981
4309,2007,1989
4310,2006,1987
4311,2011,1983
4312,2013,1987
4313,2008,1985
4314,2011,1988
4315,2008,1991
4316,2007,1990
4317,2010,1987
4318,2011,1988
4319,2014,1990
4320,2022,1992
4321,2011,1991
4322,2015,1994
4323,2013,1990
4324,2009,1991
4325,2013,1993
4326,2015,1998
4327,2014,1992
4328,2017,1999
4329,2015,1995
4330,2013,1996
4331,2016,1996
4332,2019,1998
4333,2022,1999
4334,2020,2001
4335,2017,1998
4336,2017,1994
4337,2017,1997
4338,2021,1998
4339,2020,1997
4340,2021,2001
4341,2020,2003
4342,2020,2001
4343,2024,2003
4344,2028,2004
4345,2025,2002
4346,2023,2006
4347,2041,2007
4348,2025,2006
4349,2022,2009
4350,2024,2007
4351,2024,2009
4352,2034,2007
4353,2029,2006
4354,2029,2010
4355,2028,2013
4356,2030,2009
4357,2027,2010
4358,2034,2013
4359,2032,2014
4360,2030,2011
4361,2032,2012
4362,2053,2015
4363,2033,2012
4364,2052,2019
4365,2033,2015
4366,2034,2019
4367,2055,2010
4368,2055,2016
4369,2055,2017
4370,2059,2017
4371,2035,2019
4372,2036,2022
4373,2040,2023
4374,2039,2020
4375,2044,2022
4376,2039,2024
4377,2041,2020
4378,2038,2021
4379,2038,2022
4380,2040,2024
4381,2039,2019
4382,2040,2023
4383,2041,2026
4384,2044,2031
4385,2044,2026
4386,2047,2023
4387,2046,2029
4388,2050,2030
4389,2050,2027
4390,2047,2032
4391,2050,2029
4392,2049,2028
4393,2046,2029
4394,2045,2032
4395,2048,2030
4396,2049,2031
4397,2046,2035
4398,2050,2036
4399,2048,2035
4400,2051,2035
4401,2049,2034
4402,2051,2038
4403,2054,2036
4404,2051,2038
4405,2055,2035
4406,2052,2041
4407,2055,2045
4408,2053,2040
4409,2059,2036
4410,2060,2037
4411,2059,2041
4412,2057,2040
4413,2060,2045
4414,2058,2044
4415,2057,2041
4416,2053,2043
4417,2057,2039
4418,2063,2042
4419,2062,2045
4420,2055,2043
4421,2060,2046
4422,2083,2042
4423,2063,2042
4424,2072,2050
4425,2060,2043
4426,2062,2043
4427,2065,2052
4428,2064,2054
4429,2063,2052
4430,2085,2049
4431,2084,2053
4432,2070,2050
4433,2065,2054
4434,2066,2054
4435,2071,2053
4436,2070,2052
4437,2075,2053
4438,2073,2053
4439,2070,2057
4440,2067,2056
4441,2076,2060
4442,2071,2061
4443,2073,2061
4444,2074,2063
4445,2071,2060
4446,2074,2062
4447,2074,2060
4448,2073,2058
4449,2076,2057
4450,2071,2058
4451,2074,2063
4452,2077,2064
4453,2074,2063
4454,2076,2062
4455,2074,2062
4456,2078,2064
4457,2082,2067
4458,2078,2065
4459,2079,2065
4460,2077,2066
4461,2079,2068
4462,2080,2069
4463,2084,2071
4464,2082,2066
4465,2087,2070
4466,2105,2072
4467,2104,2070
4468,2093,2073
4469,2091,2075
4470,2091,2075
4471,2087,2069
4472,2090,2075
4473,2089,2076
4474,2087,2074
4475,2093,2076
4476,2087,2079
4477,2090,2079
4478,2090,2075
4479,2090,2081
4480,2091,2077
4481,2120,2082
4482,2111,2081
4483,2088,2078
4484,2097,2083
4485,2094,2082
4486,2094,2078
4487,2090,2082
4488,2100,2082
4489,2097,2081
4490,2095,2085
4491,2096,2086
4492,2116,2087
4493,2095,2081
4494,2102,2084
4495,2100,2084
4496,2097,2085
4497,2099,2089
4498,2099,2088
4499,2098,2088
4500,2102,2088
4501,2101,2090
4502,2103,2089
4503,2106,2092
4504,2102,2091
4505,2102,2092
4506,2111,2093
4507,2105,2093
4508,2104,2092
4509,2124,2099
4510,2114,2094
4511,2104,2095
4512,2107,2096
4513,2103,2096
4514,2106,2093
4515,2106,2098
4516,2107,2099
4517,2106,2097
4518,2106,2101
4519,2112,2100
4520,2109,2097
4521,2140,2102
4522,2133,2103
4523,2113,2101
4524,2112,2105
4525,2112,2102
4526,2110,2103
4527,2117,2099
4528,2115,2102
4529,2122,2106
4530,2114,2103
4531,2182,2102
4532,2115,2108
4533,2122,2106
4534,2117,2107
4535,2117,2106
4536,2116,2108
4537,2118,2112
4538,2120,2109
4539,2117,2108
4540,2128,2112
4541,2121,2112
4542,2122,2110
4543,2142,2112
4544,2121,2111
4545,2124,2114
4546,2147,2116
4547,2123,2116
4548,2127,2115
4549,2124,2115
4550,2125,2115
4551,2125,2118
4552,2123,2116
4553,2127,2116
4554,2129,2119
4555,2126,2120
4556,2136,2127
4557,2132,2125
4558,2130,2117
4559,2130,2124
4560,2132,2124
4561,2132,2125
4562,2133,2125
4563,2132,2124
4564,2141,2127
4565,2133,2131
4566,2135,2129
4567,2141,2125
4568,2138,2126
4569,2143,2128
4570,2136,2126
4571,2136,2131
4572,2146,2131
4573,2137,2127
4574,2141,2130
4575,2139,2129
4576,2139,2130
4577,2146,2132
4578,2137,2132
4579,2144,2135
4580,2144,2139
4581,2138,2130
4582,2162,2132
4583,2140,2136
4584,2146,2135
4585,2142,2135
4586,2146,2135
4587,2146,2137
4588,2144,2138
4589,2143,2135
4590,2147,2138
4591,2147,2136
4592,2155,2139
4593,2149,2141
4594,2147,2140
4595,2147,2141
4596,2148,2143
4597,2157,2146
4598,2149,2140
4599,2150,2146
4600,2151,2141
4601,2153,2146
4602,2157,2147
4603,2153,2144
4604,2172,2148
4605,2154,2151
4606,2154,2152
4607,2176,2153
4608,2155,2152
4609,2156,2153
4610,2156,2158
4611,2157,2147
4612,2167,2150
4613,2160,2149
4614,2157,2147
4615,2160,2152
4616,2160,2152
4617,2166,2152
4618,2161,2150
4619,2160,2149
4620,2166,2155
4621,2163,2155
4622,2185,2159
4623,2162,2154
4624,2163,2154
4625,2164,2155
4626,2165,2155
4627,2171,2159
4628,2163,2158
4629,2170,2161
4630,2165,2157
4631,2170,2161
4632,2166,2162
4633,2170,2161
4634,2193,2160
4635,2166,2158
4636,2168,2161
4637,2166,2165
4638,2168,2159
4639,2171,2168
4640,2174,2169
4641,2171,2164
4642,2174,2170
4643,2172,2160
4644,2172,2167
4645,2218,2168
4646,2179,2169
4647,2173,2168
4648,2176,2171
4649,2178,2176
4650,2176,2170
4651,2174,2171
4652,2174,2172
4653,2177,2176
4654,2178,2173
4655,2177,2171
4656,2181,2173
4657,2180,2171
4658,2179,2172
4659,2179,2175
4660,2180,2175
4661,2183,2174
4662,2182,2179
4663,2183,2174
4664,2189,2184
4665,2183,2179
4666,2184,2178
4667,2187,2179
4668,2184,2178
4669,2192,2180
4670,2191,2180
4671,2197,2181
4672,2189,2183
4673,2188,2181
4674,2186,2182
4675,2190,2186
4676,2190,2184
4677,2189,2185
4678,2189,2187
4679,2189,2189
4680,2193,2193
4681,2190,2187
4682,2193,2187
4683,2190,2190
4684,2199,2193
4685,2193,2184
4686,2193,2193
4687,2193,2190
4688,2196,2190
4689,2220,2194
4690,2196,2193
4691,2194,2194
4692,2198,2194
4693,2200,2194
4694,2210,2194
4695,2201,2196
4696,2199,2198
4697,2199,2193
4698,2200,2196
4699,2198,2197
4700,2198,2192
4701,2221,2199
4702,2200,2195
4703,2202,2199
4704,2223,2197
4705,2203,2200
4706,2204,2197
4707,2200,2201
4708,2216,2201
4709,2207,2202
4710,2205,2204
4711,2212,2201
4712,2228,2205
4713,2209,2209
4714,2229,2206
4715,2210,2199
4716,2208,2205
4717,2207,2209
4718,2208,2211
4719,2206,2206
4720,2209,2207
4721,2213,2206
4722,2214,2209
4723,2239,2212
4724,2211,2210
4725,2211,2211
4726,2214,2211
4727,2225,2208
4728,2227,2212
4729,2215,2215
4730,2215,2216
4731,2240,2214
4732,2238,2215
4733,2218,2215
4734,2219,2214
4735,2220,2215
4736,2221,2217
4737,2227,2218
4738,2220,2216
4739,2219,2219
4740,2221,2218
4741,2219,2216
4742,2221,2220
4743,2230,2219
4744,2225,2221
4745,2232,2225
4746,2224,2228
4747,2223,2220
4748,2227,2226
4749,2233,2224
4750,2249,2228
4751,2227,2230
4752,2228,2229
4753,2227,2227
4754,2228,2231
4755,2228,2227
4756,2233,2227
4757,2239,2226
4758,2228,2228
4759,2253,2232
4760,2234,2231
4761,2237,2235
4762,2232,2231
4763,2252,2234
4764,2232,2233
4765,2234,2232
4766,2255,2233
4767,2239,2232
4768,2239,2233
4769,2244,2234
4770,2238,2234
4771,2236,2231
4772,2237,2236
4773,2241,2239
4774,2238,2237
4775,2240,2238
4776,2264,2239
4777,2241,2236
4778,2240,2241
4779,2242,2242
4780,2249,2243
4781,2252,2241
4782,2246,2241
4783,2245,2245
4784,2247,2244
4785,2267,2244
4786,2243,2243
4787,2245,2240
4788,2241,2242
4789,2248,2244
4790,2248,2245
4791,2245,2245
4792,2249,2248
4793,2257,2248
4794,2243,2249
4795,2250,2249
4796,2252,2247
4797,2249,2248
4798,2249,2250
4799,2274,2253
4800,2255,2251
4801,2253,2248
4802,2252,2251
4803,2253,2255
4804,2261,2252
4805,2260,2253
4806,2253,2253
4807,2254,2255
4808,2278,2258
4809,2255,2258
4810,2257,2255
4811,2259,2256
4812,2282,2254
4813,2255,2255
4814,2290,2262
4815,2262,2263
4816,2264,2262
4817,2259,2258
4818,2267,2264
4819,2261,2260
4820,2258,2263
4821,2262,2265
4822,2264,2266
4823,2269,2261
4824,2274,2261
4825,2265,2263
4826,2264,2266
4827,2265,2264
4828,2268,2264
4829,2268,2268
4830,2269,2266
4831,2268,2265
4832,2270,2267
4833,2270,2269
4834,2271,2270
4835,2272,2268
4836,2277,2269
4837,2273,2271
4838,2268,2274
4839,2272,2269
4840,2275,2271
4841,2272,2269
4842,2274,2269
4843,2273,2272
4844,2275,2275
4845,2278,2273
4846,2275,2275
4847,2278,2279
4848,2278,2279
4849,2276,2274
4850,2282,2282
4851,2279,2284
4852,2280,2279
4853,2282,2282
4854,2282,2279
4855,2295,2280
4856,2287,2282
4857,2282,2283
4858,2287,2284
4859,2297,2285
4860,2288,2286
4861,2285,2285
4862,2288,2287
4863,2286,2290
4864,2291,2288
4865,2283,2290
4866,2287,2289
4867,2286,2290
4868,2293,2291
4869,2294,2287
4870,2291,2292
4871,2310,2290
4872,2291,2292
4873,2303,2291
4874,2294,2293
4875,2295,2292
4876,2304,2290
4877,2299,2292
4878,2297,2293
4879,2294,2288
4880,2296,2294
4881,2292,2298
4882,2297,2296
4883,2294,2303
4884,2296,2295
4885,2303,2297
4886,2298,2298
4887,2298,2300
4888,2298,2301
4889,2302,2301
4890,2302,2299
4891,2297,2301
4892,2300,2300
4893,2299,2301
4894,2302,2297
4895,2302,2302
4896,2302,2299
4897,2304,2304
4898,2302,2302
4899,2306,2308
4900,2308,2306
4901,2305,2306
4902,2305,2307
4903,2305,2304
4904,2308,2310
4905,2307,2307
4906,2332,2309
4907,2308,2309
4908,2308,2311
4909,2312,2312
4910,2314,2310
4911,2312,2311
4912,2313,2311
4913,2311,2310
4914,2313,2312
4915,2311,2311
4916,2317,2314
4917,2318,2314
4918,2313,2322
4919,2316,2315
4920,2323,2321
4921,2318,2314
4922,2315,2315
4923,2322,2316
4924,2319,2315
4925,2326,2315
4926,2321,2312
4927,2320,2319
4928,2321,2319
4929,2323,2322
4930,2323,2321
4931,2323,2320
4932,2330,2321
4933,2323,2323
4934,2325,2323
4935,2325,2321
4936,2327,2323
4937,2323,2325
4938,2326,2324
4939,2333,2327
4940,2329,2327
4941,2323,2326
4942,2328,2326
4943,2326,2330
4944,2326,2332
4945,2325,2329
4946,2336,2331
4947,2333,2327
4948,2332,2334
4949,2330,2333
4950,2331,2335
4951,2329,2330
4952,2333,2335
4953,2330,2331
4954,2337,2331
4955,2332,2332
4956,2334,2331
4957,2338,2334
4958,2336,2336
4959,2338,2337
4960,2335,2334
4961,2336,2334
4962,2339,2338
4963,2336,2335
4964,2336,2340
4965,2339,2339
4966,2342,2340
4967,2338,2340
4968,2339,2339
4969,2350,2344
4970,2341,2341
4971,2346,2343
4972,2347,2346
4973,2347,2345
4974,2348,2349
4975,2346,2348
4976,2345,2346
4977,2344,2348
4978,2347,2347
4979,2347,2348
4980,2347,2351
4981,2348,2349
4982,2350,2348
4983,2350,2345
4984,2351,2350
4985,2350,2352
4986,2357,2351
4987,2349,2350
4988,2353,2351
4989,2357,2350
4990,2351,2353
4991,2351,2351
4992,2356,2356
4993,2354,2354
4994,2355,2357
4995,2357,2355
4996,2356,2355
4997,2355,2353
4998,2381,2352
4999,2357,2358
5000,2360,2358
