n,Find (O0),Find (O1),Find (O2),Find (O3),Find (Os),Find (Oz),Insert (O0),Insert (O1),Insert (O2),Insert (O3),Insert (Os),Insert (Oz),Insert Cache (O0),Insert Cache (O1),Insert Cache (O2),Insert Cache (O3),Insert Cache (Os),Insert Cache (Oz),Heap (O0),Heap (O1),Heap (O2),Heap (O3),Heap (Os),Heap (Oz),Tournament Tree (O0),Tournament Tree (O1),Tournament Tree (O2),Tournament Tree (O3),Tournament Tree (Os),Tournament Tree (Oz),State Machine (O0),State Machine (O1),State Machine (O2),State Machine (O3),State Machine (Os),State Machine (Oz)
3,805,431,442,393,473,476,317,196,186,180,180,185,337,182,186,187,183,183,492,220,205,199,204,207,674,205,258,260,253,247,171,157,144,134,138,142
4,1081,618,615,553,648,671,502,307,284,269,267,269,526,270,274,275,269,270,748,352,309,310,322,332,1074,340,432,437,409,407,268,252,224,221,224,223
5,1360,791,783,708,823,846,701,416,389,358,357,359,730,364,359,365,363,367,1010,479,430,419,427,458,1503,509,602,630,601,590,438,366,338,330,325,325
6,1644,950,940,870,1000,1006,936,531,520,476,458,461,960,443,460,458,438,435,1337,670,595,591,600,636,1903,599,758,806,715,706,0,0,0,0,0,0
7,1964,1144,1136,1036,1168,1217,1187,680,635,609,561,578,1194,551,554,559,533,527,1728,904,793,786,814,850,2386,825,998,1053,950,937,0,0,0,0,0,0
8,2279,1376,1398,1224,1382,1459,1434,801,762,745,667,698,1477,654,651,660,627,641,2026,1051,911,908,942,986,2812,958,1148,1216,1101,1110,0,0,0,0,0,0
9,3141,1498,1549,1417,1569,1517,1707,911,886,870,780,804,1782,757,768,775,754,752,2326,1235,1048,1035,1069,1128,3375,1199,1433,1541,1380,1370,0,0,0,0,0,0
10,3506,1677,1704,1596,1717,1711,1988,1075,1020,1000,893,942,2102,871,878,892,872,873,2699,1443,1223,1208,1261,1336,3937,1418,1655,1794,1605,1600,0,0,0,0,0,0
11,3879,1830,1904,1755,1917,1880,2291,1220,1150,1141,1023,1058,2436,988,999,1001,991,992,3133,1705,1460,1430,1463,1572,4451,1608,1871,2045,1827,1825,0,0,0,0,0,0
12,4266,2030,2063,1906,2083,2056,2597,1330,1281,1266,1159,1195,2774,1106,1114,1118,1107,1110,3542,1931,1629,1616,1680,1753,4871,1745,1993,2202,1962,1936,0,0,0,0,0,0
13,4600,2214,2274,2066,2264,2252,2900,1462,1453,1410,1298,1326,3143,1231,1234,1240,1221,1228,3986,2197,1855,1821,1871,1987,5393,1999,2326,2488,2215,2207,0,0,0,0,0,0
14,4962,2395,2472,2245,2457,2441,3216,1648,1615,1561,1418,1461,3501,1336,1394,1372,1354,1362,4476,2506,2134,2094,2169,2273,5885,2145,2504,2690,2411,2399,0,0,0,0,0,0
15,5392,2581,2687,2420,2649,2642,3575,1800,1813,1687,1555,1608,3892,1485,1510,1536,1486,1497,4950,2811,2410,2375,2437,2563,6389,2309,2692,2905,2607,2580,0,0,0,0,0,0
16,5777,2773,2959,2615,2860,2867,3941,1969,2000,1809,1695,1756,4324,1613,1635,1628,1623,1632,5351,2949,2552,2504,2553,2731,6786,2496,2880,3119,2810,2772,0,0,0,0,0,0
17,6924,3175,2963,2787,3081,3072,4312,2145,2164,2013,1844,1932,4731,1759,1774,1777,1745,1759,5686,3130,2700,2649,2704,2905,7508,2767,3237,3474,3118,3094,0,0,0,0,0,0
18,7292,3319,3105,2955,3206,3271,4684,2283,2361,2215,1982,2102,5203,1893,1908,1909,1851,1860,6118,3386,2906,2854,2913,3110,8140,3054,3572,3832,3419,3406,0,0,0,0,0,0
19,7725,3538,3289,3094,3387,3463,5115,2463,2551,2420,2138,2299,5719,2052,2046,2056,2008,2002,6639,3624,3143,3085,3155,3343,8803,3369,3893,4137,3752,3742,0,0,0,0,0,0
20,8127,3729,3497,3305,3592,3638,5474,2656,2736,2657,2303,2475,6197,2215,2215,2205,2185,2153,7036,3840,3337,3277,3359,3577,9402,3603,4196,4402,4033,4000,0,0,0,0,0,0
21,8492,3947,3682,3456,3784,3875,5900,2845,2944,2845,2460,2669,6682,2352,2369,2384,2315,2325,7563,4086,3566,3496,3598,3778,10034,3892,4461,4714,4310,4285,0,0,0,0,0,0
22,8955,4131,3881,3671,3947,4044,6344,3042,3158,3055,2641,2843,7247,2546,2540,2526,2485,2502,8083,4410,3840,3771,3864,4054,10532,4116,4660,4927,4525,4481,0,0,0,0,0,0
23,9398,4382,4071,3789,4173,4215,6775,3228,3344,3273,2799,3063,7764,2681,2686,2691,2644,2670,8641,4688,4136,4057,4166,4400,11044,4256,4837,5149,4716,4694,0,0,0,0,0,0
24,9871,4624,4281,4013,4367,4456,7323,3427,3560,3499,2968,3234,8313,2866,2852,2858,2827,2832,9115,4941,4339,4256,4375,4606,11499,4431,4989,5343,4904,4822,0,0,0,0,0,0
25,11497,4678,4442,4216,4557,4672,7757,3608,3799,3716,3167,3444,8865,3022,3048,3057,2981,3019,9548,5160,4622,4484,4583,4849,12153,4691,5319,5645,5176,5116,0,0,0,0,0,0
26,11893,4800,4580,4324,4727,4814,8259,3843,4025,3948,3320,3619,9404,3197,3234,3220,3148,3195,10092,5495,4857,4783,4949,5157,12772,4943,5594,5907,5406,5352,0,0,0,0,0,0
27,12413,4975,4734,4524,4889,4971,8801,4022,4226,4151,3548,3835,9983,3389,3425,3403,3333,3381,10697,5859,5202,5078,5273,5480,13312,5104,5824,6170,5627,5543,0,0,0,0,0,0
28,12896,5175,4920,4702,5086,5256,9408,4243,4463,4435,3743,4040,10552,3560,3593,3612,3527,3574,11279,6205,5508,5368,5538,5788,13862,5323,6013,6409,5821,5748,0,0,0,0,0,0
29,13333,5379,5110,4890,5284,5477,9956,4426,4698,4628,3972,4265,11172,3774,3806,3801,3742,3813,11829,6549,5782,5668,5824,6110,14446,5513,6254,6634,6053,6000,0,0,0,0,0,0
30,13819,5600,5331,5077,5477,5675,10522,4626,4924,4876,4197,4451,11802,3973,3978,3978,3944,3986,12502,6912,6098,6002,6208,6495,14978,5692,6481,6849,6244,6164,0,0,0,0,0,0
31,14353,5795,5526,5258,5739,5891,11182,4881,5155,5098,4453,4645,12500,4196,4172,4211,4150,4180,13099,7374,6453,6381,6553,6879,15522,5925,6711,7124,6502,6382,0,0,0,0,0,0
32,14848,6054,5758,5481,5965,6182,11749,5058,5427,5376,4691,4857,13183,4388,4394,4432,4336,4450,13511,7580,6647,6517,6757,7112,16056,6083,6923,7427,6694,6607,0,0,0,0,0,0
33,17431,6137,5908,5721,6238,6367,12443,5295,5670,5602,4936,5107,13852,4612,4592,4594,4597,4656,13965,7736,6840,6701,6894,7300,17038,6480,7301,7769,7105,6997,0,0,0,0,0,0
34,17942,6320,6055,5870,6405,6603,13063,5542,5938,5882,5161,5261,14636,4820,4829,4840,4784,4863,14438,8020,7109,6968,7104,7602,17494,6809,7677,8211,7476,7369,0,0,0,0,0,0
35,18476,6487,6257,6058,6608,6851,13714,5776,6217,6152,5427,5546,15353,5003,5047,5040,4985,5099,14985,8301,7332,7237,7423,7899,18281,7194,8092,8634,7868,7752,0,0,0,0,0,0
36,19005,6665,6453,6250,6837,7036,14358,6008,6552,6439,5641,5782,16102,5219,5276,5305,5259,5418,15533,8540,7573,7452,7645,8173,18942,7537,8412,9056,8258,8118,0,0,0,0,0,0
37,19565,6911,6642,6453,7025,7219,14965,6237,6764,6699,5925,6028,16771,5447,5511,5524,5480,5633,15990,8821,7862,7712,7899,8438,19683,7916,8843,9480,8606,8487,0,0,0,0,0,0
38,20133,7102,6877,6627,7275,7501,15712,6545,7047,7027,6213,6308,17508,5676,5795,5732,5734,5863,16766,9180,8131,8023,8173,8787,20430,8259,9132,9855,8981,8804,0,0,0,0,0,0
39,20759,7385,7110,6853,7549,7714,16465,6785,7393,7298,6464,6562,18274,5954,6014,6000,5951,6133,17336,9615,8473,8361,8529,9173,21172,8640,9485,10238,9320,9188,0,0,0,0,0,0
40,21305,7598,7323,7053,7800,8006,17114,7028,7642,7595,6706,6781,19146,6202,6218,6251,6130,6389,17806,9816,8742,8549,8785,9429,21859,8892,9801,10540,9674,9475,0,0,0,0,0,0
41,24187,8106,7773,7462,8192,8276,17971,7309,7962,7893,6968,7042,20115,6409,6463,6458,6431,6640,18279,10080,8994,8805,8997,9687,22583,9268,10186,10969,10039,9831,0,0,0,0,0,0
42,24647,8226,7890,7610,8372,8474,18710,7589,8280,8187,7244,7254,20974,6637,6721,6693,6685,6883,18928,10441,9333,9198,9315,10058,23326,9561,10527,11346,10378,10182,0,0,0,0,0,0
43,25314,8454,8137,7824,8587,8723,19620,7919,8568,8509,7533,7568,21753,6883,6967,6937,6902,7124,19663,10922,9744,9532,9654,10396,24025,9877,10814,11664,10697,10494,0,0,0,0,0,0
44,25898,8622,8328,8046,8822,8917,20383,8170,8873,8811,7799,7943,22705,7132,7240,7282,7174,7444,20270,11218,10056,9832,10008,10748,24560,10120,11060,12015,10948,10731,0,0,0,0,0,0
45,26543,8905,8579,8264,9024,9143,21345,8496,9206,9138,8079,8343,23738,7374,7496,7508,7426,7686,20857,11653,10381,10195,10304,11125,25170,10415,11405,12300,11230,11006,0,0,0,0,0,0
46,27198,9128,8822,8462,9301,9331,22139,8775,9552,9465,8415,8560,24506,7638,7763,7740,7687,7977,21557,12072,10751,10593,10752,11545,25762,10671,11574,12609,11436,11263,0,0,0,0,0,0
47,27785,9403,9020,8713,9500,9666,23001,9053,9873,9802,8703,8885,25400,7936,8071,8013,7906,8254,22228,12501,11099,10949,11112,11976,27267,10866,11815,12893,11683,11485,0,0,0,0,0,0
48,28531,9610,9265,8954,9746,9885,23900,9404,10177,10144,9010,9200,26354,8188,8290,8299,8230,8528,22808,12809,11430,11256,11435,12260,26820,11115,12033,13197,11909,11725,0,0,0,0,0,0
49,31904,10228,9740,9424,10107,10192,24942,9746,10552,10415,9321,9467,27457,8417,8557,8588,8515,8787,23264,13107,11669,11457,11678,12562,27466,11383,12405,13565,12266,12042,0,0,0,0,0,0
50,32395,10361,9891,9604,10317,10453,25816,10053,10857,10788,9618,9747,28386,8695,8831,8852,8794,9146,24018,13516,12060,11760,12014,12909,28234,11654,12676,13883,12528,12283,0,0,0,0,0,0
51,33198,10645,10154,9854,10508,10726,26809,10390,11246,11112,9932,10063,29440,8973,9094,9133,9068,9390,24636,13912,12461,12188,12389,13382,28998,11902,12980,14172,12884,12585,0,0,0,0,0,0
52,33779,10829,10357,10044,10774,10897,27800,10771,11621,11489,10266,10452,30526,9213,9407,9449,9354,9691,25332,14282,12837,12512,12744,13751,29397,12132,13228,14485,13105,12819,0,0,0,0,0,0
53,34803,11060,10630,10229,10950,11079,28746,11132,11947,11917,10608,10717,31661,9502,9707,9730,9681,10000,25858,14685,13191,12827,13166,14135,30145,12457,13554,14868,13451,13084,0,0,0,0,0,0
54,35223,11313,10815,10480,11236,11313,29779,11456,12378,12190,10995,11070,32603,9809,10048,10030,9996,10287,26814,15152,13692,13380,13618,14622,30901,12753,13780,15155,13721,13312,0,0,0,0,0,0
55,35970,11567,11085,10690,11431,11548,30798,11812,12661,12579,11367,11431,33557,10065,10324,10363,10228,10649,27390,15632,14197,13751,14033,15114,31425,13014,14161,15500,13963,13605,0,0,0,0,0,0
56,36740,11822,11314,10901,11661,11827,31766,12162,12965,12892,11634,11696,34650,10409,10667,10678,10559,10990,28101,16054,14513,14087,14437,15513,32050,13215,14352,15731,14181,13781,0,0,0,0,0,0
57,40894,12194,11535,11322,11863,12309,32737,12494,13303,13160,12038,12093,35751,10617,10959,10967,10888,11415,28617,16356,14861,14368,14776,15849,32729,13494,14651,16126,14598,14087,0,0,0,0,0,0
58,41537,12351,11677,11459,12049,12431,33738,12711,13576,13513,12344,12371,36816,10955,11274,11263,11243,11653,29580,16759,15235,14816,15177,16292,33364,13785,14889,16441,14920,14345,0,0,0,0,0,0
59,42223,12575,11908,11666,12252,12690,34718,13060,13841,13809,12716,12721,37591,11246,11597,11598,11532,12067,30083,17286,15813,15196,15691,16797,33995,13976,15205,16767,15173,14571,0,0,0,0,0,0
60,43041,12811,12093,12033,12492,12896,35933,13285,14218,14228,13028,13063,38808,11541,11933,11951,11881,12453,31010,17763,16158,15637,16063,17264,34685,14322,15526,17094,15456,15007,0,0,0,0,0,0
61,43852,13045,12349,12103,12731,13117,36929,13612,14623,14521,13350,13444,39992,11861,12239,12287,12148,12596,31555,18202,16676,16111,16554,17791,35211,14618,15725,17388,15745,15125,0,0,0,0,0,0
62,44602,13268,12663,12346,12940,13362,37958,13908,14938,14883,13765,13789,41409,12209,12626,12656,12505,12951,32376,18722,17146,16602,16988,18234,35968,14824,16037,17736,16075,15386,0,0,0,0,0,0
63,45377,13517,12823,12582,13146,13631,39131,14371,15227,15176,14112,14162,42343,12453,13058,13038,12878,13350,33146,19237,17536,17022,17504,18780,36611,15115,16315,18055,16367,15688,0,0,0,0,0,0
64,46147,13790,13050,12755,13394,13858,40289,14762,15601,15546,14542,14579,43468,12806,13387,13379,13294,14111,33816,19523,17774,17295,17746,18994,37202,15441,16511,18357,16606,15969,0,0,0,0,0,0
65,50624,14380,13686,13357,13916,14307,41469,15068,15825,15780,14900,14920,44887,13158,13709,13769,13664,14483,34451,19709,17982,17476,17982,19283,37955,15939,17016,18765,17148,16650,0,0,0,0,0,0
66,51430,14525,13874,13569,14148,14441,42617,15653,16137,16239,15288,15240,46196,13437,14093,14118,14019,14803,35126,20055,18296,17768,18199,19581,38773,16425,17439,19127,17647,17242,0,0,0,0,0,0
67,52218,14751,14071,13727,14276,14702,43698,15734,16415,16461,15631,15636,47524,13753,14404,14435,14369,15160,35786,20344,18610,18005,18527,19969,39646,16803,17875,19609,17955,17735,0,0,0,0,0,0
68,52926,15049,14352,13931,14549,14939,43423,15972,16648,16798,16155,16121,48461,14044,14792,14821,14699,15603,36397,20735,18992,18319,18886,20235,40492,17134,18307,20001,18372,18144,0,0,0,0,0,0
69,53983,15330,14572,14184,14770,15129,43467,16243,17123,17207,16490,16569,49038,14394,15121,15180,15078,15996,36898,21047,19246,18651,19116,20620,41265,17535,18651,20372,18798,18564,0,0,0,0,0,0
70,54624,15501,14776,14358,14964,15389,43933,16474,17476,17515,16804,16818,50283,14731,15515,15576,15464,16344,37753,21399,19609,19010,19454,20999,41955,17909,19094,20817,19206,18962,0,0,0,0,0,0
71,55587,15817,15027,14611,15277,15627,44953,16835,17699,17813,17236,17183,51541,15088,15995,16007,15810,16782,38221,21841,19987,19260,19863,21619,42855,18338,19483,21164,19550,19317,0,0,0,0,0,0
72,56425,16062,15297,14838,15455,15872,46145,17155,18059,18194,17674,17571,52888,15405,16355,16339,16268,17147,39068,22218,20301,19672,20092,21778,43712,18631,19877,21590,19990,19686,0,0,0,0,0,0
73,61797,17127,16180,15584,16095,16452,47257,17464,18440,18549,18033,18085,54333,15786,16669,16746,16585,17557,39558,22429,20467,19828,20416,21969,44576,19053,20365,22053,20301,20089,0,0,0,0,0,0
74,62719,17373,16424,15820,16321,16637,48450,17829,18702,18906,18487,18537,55706,16080,17090,17127,16969,17978,40329,22838,20835,20213,20787,22303,45407,19377,20744,22503,20638,20438,0,0,0,0,0,0
75,63518,17523,16670,15974,16530,16860,49739,18239,19056,19219,18903,18879,57089,16485,17489,17506,17376,18476,40839,23217,21228,20530,21141,22750,46114,19687,21128,22856,21015,20811,0,0,0,0,0,0
76,64797,17826,16889,16232,16798,17095,51213,18534,19494,19590,19299,19285,58320,16808,17850,17891,17801,18787,41917,23672,21679,21006,21490,23208,46956,20048,21532,23270,21397,21180,0,0,0,0,0,0
77,65306,18029,17096,16459,16960,17338,52203,18834,19833,19896,19729,19742,59775,17127,18381,18340,18171,19228,42308,24027,21987,21249,21884,23547,47612,20389,21924,23630,21821,21481,0,0,0,0,0,0
78,66232,18402,17364,16694,17220,17609,53535,19329,20138,20349,20201,20161,61259,17567,18696,18739,18624,19683,43193,24408,22364,21630,22232,23928,48514,20725,22344,24021,22122,21816,0,0,0,0,0,0
79,67179,18615,17572,16909,17407,17769,54871,19648,20587,20685,20608,20557,62754,17894,19104,19125,19007,20086,43770,24929,22790,22032,22674,24345,49229,21063,22646,24291,22457,22158,0,0,0,0,0,0
80,68120,18944,17884,17135,17658,18055,56220,19906,20719,20920,21071,20967,64374,18232,19572,19621,19516,20566,44417,25331,23079,22294,22979,24669,50099,21381,23013,24709,22759,22466,0,0,0,0,0,0
81,74402,19288,18483,17691,18053,18697,57432,20280,21162,21392,21568,21700,65846,18633,19984,20068,19902,20985,44940,25559,23429,22610,23304,25114,50973,21806,23435,25094,23162,22931,0,0,0,0,0,0
82,75226,19466,18586,17880,18206,18926,58871,20697,21605,21796,21936,21873,67167,18966,20333,20386,20288,21411,45815,26042,23763,22906,23586,25439,51796,22083,23869,25495,23569,23296,0,0,0,0,0,0
83,76197,19652,18828,18122,18445,19145,60139,21038,21908,22090,22358,22334,68855,19363,20816,20857,20636,21893,46350,26371,24202,23323,24070,25793,52581,22456,24239,25879,23871,23574,0,0,0,0,0,0
84,77330,19974,19073,18336,18726,19441,61589,21410,22290,22381,22877,22781,70464,19750,21285,21307,21129,22332,47143,26849,24623,23759,24432,26343,53429,22820,24544,26285,24267,23994,0,0,0,0,0,0
85,78157,20182,19332,18500,18948,19892,62744,21772,22618,22815,23366,23246,71914,20201,21650,21764,21578,22777,47833,27173,25020,24102,24734,26668,54107,23108,24915,26670,24591,24283,0,0,0,0,0,0
86,79313,20565,19585,18751,19192,19858,64402,22213,23012,23172,23833,23681,73683,20511,22148,22209,22018,23289,48607,27727,25438,24440,25099,27100,54953,23418,25226,27010,24907,24598,0,0,0,0,0,0
87,80075,20718,19815,18977,19458,20136,65648,22525,23372,23623,24286,24106,75136,20922,22562,22588,22404,23815,49378,28148,25900,24933,25650,27636,55463,23731,25502,27344,25189,24929,0,0,0,0,0,0
88,81059,21100,20156,19300,19680,20410,67311,23071,23811,23983,24731,24645,76646,21295,23079,23051,22872,24140,50516,28573,26285,25331,25973,28070,56185,23973,25856,27626,25588,25215,0,0,0,0,0,0
89,87061,21456,20003,19765,20070,20933,68738,23392,24213,24383,25292,25113,78112,21681,23504,23586,23336,24691,50714,28944,26725,25632,26381,28399,56979,24328,26140,28128,25805,25523,0,0,0,0,0,0
90,88056,21640,20213,19993,20314,21115,69899,23690,24622,24757,25742,25605,79849,22078,23985,23944,23822,25066,51718,29464,27110,26145,26717,28957,57600,24608,26440,28378,26206,25919,0,0,0,0,0,0
91,88925,21840,20484,20143,20531,21363,71544,24055,24994,25104,26201,26098,81632,22520,24444,24439,24268,25762,52335,29869,27560,26517,27301,29346,58268,24932,26793,28826,26482,26137,0,0,0,0,0,0
92,90075,22152,20665,20445,20791,21644,73027,24605,25244,25563,26778,26522,83333,22960,24955,24944,24771,26193,53393,30674,28088,27044,27637,29968,58969,25207,26994,29091,26794,26434,0,0,0,0,0,0
93,90992,22356,20995,20611,21002,21849,74654,24875,25715,25923,27175,26989,85155,23320,25381,25459,25200,26670,53785,30925,28477,27352,28070,30327,59529,25527,27354,29478,27065,26775,0,0,0,0,0,0
94,92628,22626,21145,20909,21325,22152,87640,25284,26039,26411,27740,27599,99370,23764,25917,25908,25753,27169,57593,31905,28946,28021,28567,30893,60666,25844,27602,29833,27483,27082,0,0,0,0,0,0
95,93809,22985,21425,21150,21592,22417,90121,25648,26360,26825,28243,28090,101321,24215,26352,26417,26415,27652,58523,32388,29492,28415,29021,31421,61306,26103,27910,30171,27684,27340,0,0,0,0,0,0
96,94197,23217,21715,21388,21792,22640,79887,26142,26873,27174,28762,28660,90138,24659,26803,26812,26661,28179,56273,32289,29777,28772,29365,31792,61526,26394,28199,30547,28177,27713,0,0,0,0,0,0
97,100560,23500,22048,21718,22323,23290,81382,26560,27363,27631,29293,29060,91957,24932,27334,27362,27216,28682,56609,32592,30077,28903,29643,32106,62313,26722,28571,30915,28414,28010,0,0,0,0,0,0
98,101403,23733,22247,21987,22491,23439,83003,27039,27695,28006,29830,29528,93541,25482,27917,27853,27646,29160,57675,33007,30365,29274,29898,32506,63034,26972,28919,31292,28745,28345,0,0,0,0,0,0
99,102521,23930,22482,22139,22772,23766,84408,27413,28190,28414,30384,30141,95047,25845,28357,28348,28271,29710,58115,33290,30809,29720,30363,32893,63687,27349,29300,31940,29076,28699,0,0,0,0,0,0
100,103673,24228,22703,22354,22980,24078,86009,27710,28516,28767,30818,30591,96627,26332,28788,28853,28709,30199,59119,33706,31216,30221,30793,33452,64458,27703,29641,32081,29422,28960,0,0,0,0,0,0
