n,Baseline (copy+sort),Find SIMD,Insert Cache,Heap Cache,Tournament Tree
3,47,38,16,22,16
4,107,49,24,29,29
5,82,58,32,38,43
6,115,76,40,52,51
7,125,90,49,69,70
8,175,104,58,78,82
9,176,108,68,89,104
10,202,120,78,104,120
11,209,134,88,123,134
12,265,147,98,138,140
13,262,157,110,158,171
14,299,168,121,179,184
15,304,182,133,201,201
16,348,196,145,214,214
17,352,214,157,227,241
18,396,226,169,243,265
19,406,240,183,263,291
20,455,253,195,279,310
21,459,263,210,300,335
22,505,274,224,322,348
23,503,288,238,345,361
24,568,301,253,361,371
25,556,326,269,381,404
26,604,338,285,405,426
27,614,351,301,430,445
28,680,365,318,453,459
29,680,374,335,477,477
30,717,386,352,504,492
31,732,400,370,533,511
32,783,413,389,546,527
33,772,438,407,559,557
34,837,450,426,580,584
35,817,464,445,601,615
36,878,478,466,620,643
37,881,489,486,641,674
38,946,500,507,664,701
39,935,514,526,687,728
40,987,528,547,707,750
41,985,551,568,726,784
42,1058,562,590,750,811
43,1039,576,612,778,836
44,1104,590,634,800,857
45,1099,600,658,826,880
46,1160,612,683,854,900
47,1202,626,705,882,924
48,1219,640,729,901,941
49,1226,675,753,920,971
50,1286,685,778,947,1000
51,1283,700,804,972,1024
52,1392,715,829,998,1048
53,1332,725,856,1025,1069
54,1408,735,883,1055,1093
55,1396,750,911,1088,1111
56,1456,764,923,1112,1134
57,1436,817,945,1139,1157
58,1514,828,964,1170,1184
59,1489,842,994,1204,1208
60,1570,857,997,1232,1225
61,1575,868,1017,1262,1251
62,1644,880,1043,1295,1270
63,1610,894,1063,1326,1298
64,1729,909,1080,1345,1324
65,1668,947,1100,1360,1354
66,1745,957,1126,1385,1382
67,1737,972,1163,1405,1417
68,1815,987,1156,1427,1457
69,1785,998,1179,1444,1495
70,1903,1010,1197,1473,1529
71,1853,1025,1222,1496,1559
72,1933,1040,1242,1516,1593
73,1913,1064,1264,1535,1624
74,2016,1076,1287,1564,1659
75,1980,1091,1310,1592,1691
76,2059,1105,1333,1618,1721
77,2066,1115,1356,1640,1751
78,2140,1127,1373,1672,1780
79,2087,1142,1396,1697,1812
80,2169,1157,1726,1718,1838
81,2153,1207,1764,1737,1867
82,2230,1221,1460,1764,1887
83,2227,1237,1480,1796,1914
84,2292,1251,1498,1820,1942
85,2282,1263,1521,1845,1965
86,2360,1275,1548,1880,1987
87,2337,1289,1572,1910,2016
88,2424,1303,1584,1935,2029
89,2417,1397,1608,1965,2055
90,2505,1409,1631,1995,2089
91,2467,1424,1649,2024,2110
92,2571,1441,1664,2057,2131
93,2514,1454,1692,2085,2156
94,2607,1465,1718,2121,2174
95,2589,1482,1744,2153,2202
96,2660,1498,1764,2174,2216
97,2629,1556,1789,2193,2251
98,2731,1568,1818,2223,2274
99,2741,1584,1836,2246,2312
100,2875,1601,1859,2275,2331
101,2776,1612,1881,2302,2361
102,2878,1625,1942,2334,2388
103,2835,1642,1930,2362,2403
104,2941,1659,1952,2392,2435
105,2906,1674,1974,2415,2466
106,3001,1686,1995,2454,2480
107,2975,1704,2036,2484,2512
108,3075,1720,2064,2518,2525
109,3045,1731,2089,2547,2555
110,3130,1744,2121,2588,2577
111,3083,1760,2159,2617,2599
112,3185,1778,2201,2652,2630
113,3164,1842,2230,2672,2649
114,3230,1856,2254,2708,2673
115,3209,1872,2420,2740,2692
116,3320,1894,2287,2773,2723
117,3248,1908,2313,2814,2746
118,3370,1919,2314,2846,2769
119,3322,1936,2337,2883,2790
120,3444,1954,2368,2916,2819
121,3405,2083,2395,2944,2839
122,3553,2103,2404,2984,2870
123,3448,2119,2405,3018,2891
124,3566,2138,2417,3056,2916
125,3532,2151,2441,3084,2952
126,3626,2165,2567,3128,2974
127,3584,2184,2596,3161,2994
128,3685,2207,2595,3186,3020
129,3690,2277,2628,3209,3057
130,3761,2286,2658,3235,3101
131,3733,2305,2870,3259,3137
132,3810,2324,2892,3289,3170
133,3801,2340,2934,3312,3211
134,3881,2355,2973,3343,3249
135,3837,2373,2845,3369,3296
136,3934,2393,2884,3399,3324
137,3909,2405,2917,3420,3376
138,3994,2420,2954,3453,3406
139,3988,2437,2997,3484,3451
140,4051,2457,3030,3508,3485
141,4051,2476,3060,3534,3524
142,4140,2489,3095,3568,3560
143,4116,2507,3126,3593,3591
144,4250,2528,3159,3621,3631
145,4160,2608,3194,3644,3670
146,4229,2624,3228,3676,3704
147,4285,2644,3263,3699,3747
148,4351,2663,3302,3734,3789
149,4315,2679,3331,3755,3814
150,4448,2694,3370,3791,3851
151,4322,2716,3397,3822,3888
152,4456,2735,3434,3854,3920
153,4399,2918,3467,3879,3962
154,4570,2937,3505,3918,3994
155,4524,2957,3525,3951,4049
156,4590,2977,3557,3985,4070
157,4513,2997,3592,4011,4106
158,4668,3013,3635,4050,4142
159,4621,3040,3627,4082,4183
160,4742,3059,3668,4111,4214
161,4682,3155,3700,4135,4241
162,4823,3172,3742,4169,4284
163,4721,3193,3804,4194,4345
164,4887,3239,3839,4234,4385
165,4844,3271,3884,4263,4427
166,4967,3291,3921,4302,4466
167,4889,3317,3966,4336,4498
168,4974,3344,4006,4371,4529
169,4952,3326,4048,4402,4568
170,5080,3355,4087,4444,4596
171,5079,3380,4219,4475,4624
172,5118,3416,4255,4519,4662
173,5028,3440,4292,4553,4689
174,5208,3465,4333,4595,4710
175,5105,3480,4356,4627,4741
176,5269,3514,4409,4656,4765
177,5214,3597,4441,4680,4812
178,5349,3606,4478,4719,4843
179,5229,3632,4480,4751,4863
180,5410,3654,4512,4786,4891
181,5280,3670,4546,4820,4914
182,5463,3694,4584,4861,4950
183,5414,3713,4617,4898,4971
184,5490,3738,4656,4930,4992
185,5466,4148,4697,4960,5022
186,5586,4170,4731,5008,5045
187,5509,4190,4708,5037,5076
188,5639,4223,4752,5073,5103
189,5634,4237,4786,5100,5127
190,5691,4257,4822,5148,5170
191,5642,4286,5261,5178,5187
192,5856,4311,5305,5221,5205
193,5673,4425,5339,5240,5241
194,5890,4450,5377,5271,5266
195,5783,4470,5000,5297,5298
196,5881,4493,5035,5333,5331
197,5867,4520,5067,5353,5357
198,6051,4540,5107,5392,5391
199,5883,4562,5144,5423,5429
200,6046,4589,5181,5455,5442
201,5932,4440,5222,5475,5478
202,6159,4459,5253,5517,5505
203,6069,4483,5339,5559,5534
204,6212,4506,5372,5592,5565
205,6094,4525,5412,5617,5599
206,6236,4543,5446,5654,5621
207,6223,4573,5915,5684,5658
208,6354,4592,5965,5718,5694
209,6260,4726,6007,5738,5707
210,6394,4739,6041,5787,5746
211,6339,4767,5634,5812,5767
212,6463,4790,5670,5850,5792
213,6323,4805,5711,5885,5832
214,6561,4832,5739,5932,5855
215,6459,4854,5776,5964,5876
216,6569,4878,5832,5999,5908
217,6457,5380,5866,6034,5932
218,6628,5404,5905,6077,5963
219,6568,5434,5876,6112,5999
220,6747,5462,5925,6153,6014
221,6634,5483,5968,6186,6056
222,6845,5499,6001,6229,6079
223,6669,5534,6216,6264,6113
224,6864,5560,6258,6294,6130
225,6759,5638,6299,6330,6155
226,6960,5664,6337,6364,6191
227,6872,5694,6174,6393,6213
228,7019,5717,6225,6433,6257
229,6893,5739,6257,6454,6267
230,7185,5770,6315,6505,6303
231,7016,5790,6330,6540,6334
232,7127,5824,6376,6575,6358
233,7041,5693,6407,6609,6372
234,7249,5716,6443,6648,6408
235,7099,5745,7037,6685,6450
236,7261,5772,7077,6722,6458
237,7229,5777,7107,6756,6500
238,7335,5828,7151,6808,6523
239,7276,5849,6944,6835,6549
240,7466,5871,7025,6880,6594
241,7287,6002,7062,6916,6620
242,7490,6032,7112,6953,6643
243,7406,6071,6904,6990,6675
244,7547,6108,7002,7031,6713
245,7532,6167,7007,7080,6741
246,7669,6198,7039,7121,6777
247,7490,6220,7124,7174,6814
248,7694,6240,7183,7216,6833
249,7587,6737,7213,7261,6861
250,7767,6809,7263,7295,6892
251,7609,6812,7466,7336,6921
252,7785,6887,7524,7378,6946
253,7747,6874,7577,7420,6966
254,7869,6916,7613,7457,7006
255,7765,6980,7423,7497,7025
256,7934,6945,7461,7533,7054
257,7872,6802,7506,7550,7114
258,8091,7168,7581,7589,7148
259,7952,7202,7635,7615,7207
260,8116,6936,7754,7654,7240
261,7949,6975,7907,7674,7329
262,8181,7316,7802,7709,7338
263,8043,7340,7881,7739,7380
264,8282,7180,8014,7773,7408
265,8158,7352,8106,7796,7461
266,8317,7849,8062,7832,7493
267,8271,7918,8216,7864,7541
268,8325,7634,8333,7898,7594
269,8279,7658,8431,7975,7631
270,8445,8002,8239,7966,7681
271,8338,7950,8391,8000,7719
272,8460,7750,8597,8033,7756
273,8449,7972,8666,8080,7810
274,8718,8325,8718,8087,7859
275,8643,7972,8894,8166,7909
276,8631,8123,8727,8150,7942
277,8583,8197,9245,8178,7983
278,8715,8597,8797,8222,8046
279,8599,8658,9082,8248,8067
280,8773,8379,9292,8290,8104
281,8592,8563,9367,8313,8144
282,8806,8986,9397,8353,8193
283,8866,9047,9375,8408,8230
284,8946,8679,9657,8426,8274
285,8815,8708,9766,8449,8311
286,8908,9116,9475,8491,8355
287,8831,9103,9548,8523,8374
288,9148,8820,9884,8612,8430
289,8877,9002,9964,8585,8503
290,9226,9515,9884,8616,8521
291,8967,9543,9941,8640,8610
292,9146,9095,10157,8690,8607
293,9093,9129,10219,8702,8650
294,9340,9595,10134,8740,8736
295,9206,9619,10172,8779,8743
296,9386,9214,10316,8828,8778
297,9199,9395,10447,8888,8809
298,9552,9937,10375,8878,8864
299,9307,9962,10424,8926,8910
300,9527,9494,10593,8956,8955
301,9429,9530,10671,8994,8998
302,9604,10037,10605,9024,9030
303,9435,10057,10676,9107,9071
304,9774,9624,10819,9112,9105
305,9545,9793,10923,9119,9174
306,9669,10359,10821,9179,9211
307,9559,10387,10871,9235,9226
308,9715,9892,11084,9241,9264
309,9711,9921,11082,9279,9332
310,10006,10465,11057,9331,9366
311,9728,10490,11130,9356,9411
312,9903,10026,11248,9410,9491
313,9807,10228,11312,9460,9487
314,9974,10782,11256,9483,9504
315,9936,10814,11299,9495,9581
316,10108,10298,11457,9550,9576
317,9848,10332,11505,9576,9621
318,10118,10864,11486,9634,9723
319,9962,10907,11534,9659,9747
320,10259,10460,11689,9702,9759
321,10047,10609,11791,9723,9815
322,10381,11186,11749,9762,9894
323,10125,11216,11779,9819,9904
324,10299,10712,11897,9891,9922
325,10129,10738,12005,9922,9976
326,10411,11290,11922,9934,10000
327,10229,11339,12014,10008,10038
328,10486,10848,12153,9992,10073
329,10259,11020,12162,10017,10131
330,10595,11616,12136,10066,10184
331,10389,11665,12244,10088,10201
332,10800,11132,12346,10147,10204
333,10490,11143,12390,10211,10277
334,10682,11725,12399,10248,10307
335,10472,11763,12435,10287,10390
336,10711,11246,12565,10291,10380
337,10611,11448,12674,10343,10406
338,10801,12077,12626,10403,10425
339,10670,12128,12639,10430,10463
340,10871,11554,12792,10454,10528
341,10697,11592,12881,10489,10568
342,11041,12181,12821,10587,10595
343,10860,12215,12877,10602,10635
344,11148,11691,13113,10681,10651
345,10890,11962,13213,10707,10745
346,11274,12615,13148,10812,10830
347,10997,12645,13221,10843,10785
348,11131,12018,13358,10856,10842
349,10985,12021,13338,10860,10823
350,11255,12632,13328,10871,10846
351,11242,12714,13460,10895,10879
352,11316,12144,13547,11003,10914
353,11246,12312,13587,10963,10967
354,11344,12996,13546,11064,10955
355,11242,13007,13564,11052,10971
356,11473,12413,13779,11106,11044
357,11307,12484,13785,11180,11069
358,11598,13097,13750,11186,11111
359,11412,13178,13833,11255,11110
360,11641,12543,13948,11299,11150
361,11411,12767,14013,11336,11198
362,11667,13433,14008,11390,11216
363,11585,13464,14078,11395,11247
364,11758,12892,14256,11420,11327
365,11593,12887,14280,11463,11317
366,11902,13540,14210,11559,11326
367,11713,13571,14425,11565,11393
368,12191,13076,14587,11711,11480
369,11855,13271,14607,11761,11544
370,12140,14008,14542,11778,11571
371,11865,14004,14684,11914,11623
372,12188,13375,14776,11890,11607
373,11916,13412,14824,11925,11653
374,12192,14094,14772,11931,11665
375,12016,14137,14845,11986,11686
376,12202,13522,15028,12065,11747
377,12113,13699,15110,12158,11782
378,12223,14422,14908,12041,11705
379,12162,14404,15017,12067,11725
380,12360,13736,15187,12080,11763
381,12088,13770,15224,12120,11801
382,12417,14478,15206,12156,11864
383,12241,14508,15260,12200,11879
384,12451,13871,15405,12237,11883
385,12247,14169,15480,12283,11891
386,12456,14898,15441,12301,11952
387,12334,14953,15474,12327,12049
388,12572,14216,15642,12361,12041
389,12393,14238,15746,12397,12059
390,12627,15009,15652,12432,12098
391,12489,15060,15768,12492,12154
392,12796,14355,15922,12507,12159
393,12531,14626,15973,12554,12188
394,12832,15426,15884,12637,12243
395,12659,15460,15992,12636,12294
396,12873,14701,16125,12658,12328
397,12732,14778,16220,12698,12387
398,13036,15545,16175,12780,12410
399,12874,15557,16257,12808,12433
400,13004,14843,16378,12842,12472
401,12912,15103,16461,12912,12503
402,13009,15969,16431,12925,12514
403,12957,15975,16480,12968,12554
404,13192,15184,16643,13034,12647
405,13093,15251,16720,13024,12663
406,13258,16060,16689,13089,12681
407,13014,16130,16740,13128,12711
408,13306,15328,16892,13178,12761
409,13171,15602,16924,13228,12785
410,13425,16533,16901,13264,12824
411,13143,16561,17020,13271,12870
412,13393,15734,17188,13359,12889
413,13264,15760,17212,13437,12875
414,13682,16639,17215,13472,12947
415,13341,16645,17275,13498,12989
416,13644,15857,17404,13563,13025
417,13414,16111,17455,13533,13046
418,13818,17064,17431,13614,13075
419,13532,17172,17523,13663,13130
420,13741,16226,17666,13689,13148
421,13548,16242,17727,13766,13198
422,13878,17227,17705,13759,13204
423,13693,17301,17802,13816,13271
424,13840,16402,17963,13897,13236
425,13775,16633,17986,13897,13336
426,13965,17725,17979,13977,13350
427,13872,17798,18009,14031,13391
428,14070,16759,18229,14046,13399
429,13888,16786,18310,14064,13450
430,14090,17832,18269,14167,13499
431,13889,17888,18294,14196,13504
432,14275,16917,18442,14243,13505
433,13975,17219,18538,14310,13576
434,14267,18336,18533,14290,13598
435,14023,18380,18558,14363,13615
436,14270,17320,18754,14437,13688
437,14242,17330,18847,14475,13671
438,14423,18479,18814,14490,13742
439,14250,18507,18859,14540,13735
440,14460,17485,19032,14619,13783
441,14378,17787,19121,14682,13810
442,14588,18939,19073,14710,13824
443,14310,18948,19154,14690,13905
444,14835,17897,19302,14808,13870
445,14353,17944,19382,14834,13951
446,14699,19075,19367,14874,13964
447,14452,19126,19393,14919,13990
448,14838,18085,19613,14940,14045
449,14612,18421,19671,14997,14068
450,14836,19529,19613,15012,14138
451,14567,19548,19714,15083,14149
452,14913,18505,19861,15126,14155
453,14769,18557,19978,15196,14185
454,14965,19699,19908,15218,14263
455,14701,19713,20011,15238,14279
456,15066,18687,20200,15307,14287
457,14869,19012,20219,15339,14330
458,15289,20151,20196,15401,14325
459,14933,20209,20232,15438,14407
460,15191,19160,20501,15469,14437
461,15024,19204,20586,15511,14456
462,15249,20262,20563,15570,14482
463,15145,20330,20602,15604,14509
464,15373,19275,20794,15628,14606
465,15184,19576,20905,15694,14582
466,15403,20736,20860,15696,14660
467,15245,20788,20937,15804,14678
468,15462,19711,21135,15823,14709
469,15381,19766,21272,15874,14772
470,15441,20947,21214,15946,14766
471,15403,20954,21318,15988,14813
472,15677,19904,21515,16049,14832
473,15337,20149,21601,16057,14882
474,15706,21367,21540,16116,14914
475,15502,21387,21680,16153,14966
476,15730,20310,21894,16188,14954
477,15651,20376,21945,16204,14997
478,16034,21479,21970,16311,15037
479,15663,21537,22032,16348,15049
480,16150,20452,22260,16369,15101
481,15794,20727,22357,16439,15116
482,15974,21921,22295,16496,15198
483,15651,21935,22387,16530,15225
484,16017,20902,22630,16574,15243
485,15810,20904,22748,16603,15319
486,16047,22076,22649,16671,15353
487,15937,22087,22757,16695,15314
488,16217,21085,22981,16779,15335
489,16087,21259,23009,16778,15429
490,16269,22450,23014,16869,15414
491,16078,22473,23079,16882,15493
492,16420,21414,23313,16955,15545
493,16210,21427,23406,16950,15595
494,16412,22562,23406,17022,15608
495,16182,22578,23435,17028,15604
496,16500,21596,23662,17078,15632
497,16303,21764,23745,17157,15710
498,16674,23002,23697,17181,15727
499,16393,23058,23828,17239,15784
500,16550,21899,24038,17269,15813
