n,Find,Heap Cache,Tournament Tree
3,34,21,18
4,49,29,30
5,64,39,46
6,76,52,53
7,92,69,73
8,108,79,85
9,126,89,107
10,140,105,126
11,155,122,145
12,168,137,155
13,186,155,180
14,198,177,194
15,213,199,207
16,229,211,228
17,248,224,250
18,258,241,277
19,272,264,309
20,286,280,334
21,305,296,353
22,316,320,372
23,331,345,391
24,347,358,404
25,363,381,426
26,383,406,448
27,392,435,463
28,405,452,482
29,420,473,494
30,437,504,513
31,451,529,531
32,466,543,546
33,488,564,589
34,500,580,623
35,516,610,646
36,540,619,685
37,547,645,708
38,561,665,738
39,578,701,779
40,592,705,796
41,633,736,838
42,648,753,857
43,662,790,886
44,684,805,914
45,699,842,939
46,713,858,950
47,730,899,974
48,759,909,994
49,797,932,1022
50,820,947,1067
51,826,984,1081
52,841,998,1095
53,875,1052,1123
54,875,1059,1147
55,893,1101,1174
56,911,1116,1191
57,947,1154,1224
58,969,1175,1253
59,977,1214,1276
60,996,1243,1287
61,1028,1287,1328
62,1037,1300,1353
63,1054,1344,1380
64,1064,1360,1405
65,1106,1382,1442
66,1122,1399,1472
67,1137,1428,1503
68,1153,1442,1536
69,1171,1481,1572
70,1201,1502,1614
71,1207,1535,1648
72,1230,1527,1673
73,1287,1580,1707
74,1292,1590,1731
75,1310,1628,1762
76,1327,1637,1795
77,1344,1678,1826
78,1362,1692,1856
79,1381,1754,1887
80,1401,1729,1912
81,1447,1783,1947
82,1464,1789,1978
83,1480,1836,2011
84,1499,1846,2035
85,1515,1888,2062
86,1533,1908,2088
87,1555,1953,2119
88,1569,1956,2142
89,1602,2005,2170
90,1616,2023,2198
91,1631,2070,2224
92,1655,2087,2248
93,1669,2131,2275
94,1688,2151,2300
95,1702,2205,2333
96,1724,2191,2355
97,1776,2247,2383
98,1790,2262,2414
99,1807,2299,2440
100,1824,2309,2472
101,1842,2350,2499
102,1862,2380,2523
103,1879,2417,2552
104,1899,2418,2580
105,1991,2473,2607
106,2008,2506,2636
107,2027,2539,2658
108,2042,2560,2688
109,2065,2605,2712
110,2083,2641,2739
111,2102,2681,2765
112,2129,2678,2793
113,2193,2735,2821
114,2205,2762,2847
115,2226,2803,2880
116,2247,2816,2900
117,2271,2872,2932
118,2285,2899,2962
119,2308,2953,2982
120,2330,2952,3012
121,2350,3007,3041
122,2368,3037,3064
123,2387,3082,3091
124,2406,3094,3118
125,2428,3156,3149
126,2446,3168,3174
127,2462,3224,3202
128,2491,3214,3231
129,2567,3273,3268
130,2582,3288,3298
131,2601,3326,3331
132,2622,3340,3364
133,2644,3372,3408
134,2665,3411,3439
135,2687,3436,3473
136,2703,3449,3508
137,2838,3481,3552
138,2856,3519,3586
139,2880,3540,3621
140,2898,3576,3655
141,2921,3598,3692
142,2946,3643,3731
143,2968,3663,3771
144,2991,3691,3805
145,3062,3703,3842
146,3083,3743,3874
147,3105,3770,3914
148,3129,3805,3947
149,3150,3827,3983
150,3179,3872,4020
151,3198,3900,4056
152,3220,3940,4090
153,3234,3953,4128
154,3254,4007,4167
155,3275,4032,4204
156,3299,4069,4236
157,3324,4088,4273
158,3344,4133,4314
159,3375,4159,4345
160,3392,4193,4382
161,3497,4209,4419
162,3519,4245,4459
163,3546,4273,4496
164,3579,4311,4537
165,3606,4341,4577
166,3633,4383,4613
167,3657,4413,4649
168,3695,4452,4685
169,3900,4478,4723
170,3920,4521,4754
171,3952,4553,4793
172,3976,4595,4822
173,4008,4622,4879
174,4033,4675,4890
175,4059,4697,4917
176,4079,4732,4946
177,4219,4760,4979
178,4239,4806,5018
179,4272,4826,5044
180,4298,4865,5073
181,4324,4889,5105
182,4349,4943,5143
183,4376,4974,5170
184,4401,5007,5198
185,4348,5034,5225
186,4372,5087,5255
187,4402,5105,5295
188,4429,5159,5337
189,4445,5196,5381
190,4497,5229,5414
191,4531,5249,5454
192,4557,5348,5488
193,4706,5306,5514
194,4765,5380,5557
195,4753,5427,5625
196,4764,5450,5622
197,4831,5435,5653
198,4824,5458,5723
199,4849,5483,5723
200,4874,5523,5835
201,5194,5539,5767
202,5220,5600,5796
203,5243,5631,5858
204,5285,5649,5931
205,5352,5695,5901
206,5322,5727,5935
207,5429,5812,6035
208,5369,5797,6003
209,5519,5863,6079
210,5539,5877,6084
211,5573,5916,6150
212,5583,5926,6114
213,5727,5978,6220
214,5698,5986,6177
215,5675,6008,6244
216,5702,6095,6253
217,5599,6080,6319
218,5642,6145,6392
219,5704,6176,6378
220,5740,6317,6359
221,5742,6269,6429
222,5736,6373,6431
223,5832,6312,6455
224,5794,6369,6551
225,5979,6386,6589
226,6030,6428,6650
227,6039,6441,6587
228,6046,6497,6625
229,6080,6506,6656
230,6106,6627,6746
231,6122,6602,6756
232,6196,6655,6810
233,6538,6726,6825
234,6606,6779,6872
235,6615,6762,6895
236,6634,6816,6960
237,6650,6832,6917
238,6665,6854,6971
239,6743,6936,6960
240,6713,6956,6993
241,7003,7054,7079
242,7003,7052,7112
243,7036,7117,7137
244,7062,7111,7164
245,7084,7173,7229
246,7138,7193,7240
247,7156,7223,7281
248,7184,7249,7321
249,7229,7353,7350
250,7085,7322,7419
251,7200,7357,7396
252,7192,7500,7510
253,7317,7402,7445
254,7490,7521,7519
255,7443,7480,7493
256,7505,7572,7531
257,8144,7551,7567
258,7725,7560,7597
259,7758,7583,7648
260,8038,7625,7741
261,8272,7638,7785
262,8045,7735,7753
263,8056,7774,7800
264,8708,7793,7850
265,8697,7844,7896
266,8232,7804,7967
267,8470,7871,7970
268,8777,7870,8006
269,8917,7873,8075
270,8651,7980,8089
271,8631,7947,8126
272,9088,7980,8162
273,9262,7990,8213
274,8925,8035,8240
275,8919,8082,8278
276,9352,8092,8348
277,9367,8111,8372
278,9023,8158,8398
279,8972,8178,8444
280,9499,8215,8481
281,9735,8232,8532
282,9316,8283,8568
283,9369,8301,8600
284,9792,8346,8647
285,9859,8432,8692
286,9478,8444,8740
287,9544,8442,8754
288,9969,8501,8974
289,10174,8504,8902
290,9820,8522,8893
291,9864,8590,8987
292,10294,8589,9022
293,10333,8607,9041
294,10037,8646,9054
295,10009,8670,9094
296,10445,8790,9151
297,10682,8753,9171
298,10263,8831,9221
299,10309,8915,9252
300,10736,8880,9327
301,10824,8865,9346
302,10383,8992,9417
303,10423,8934,9414
304,10882,9050,9454
305,11070,9051,9500
306,10743,9037,9540
307,10755,9104,9578
308,11162,9175,9654
309,11215,9132,9673
310,10858,9231,9692
311,10880,9292,9741
312,11327,9258,9819
313,11520,9275,9880
314,11145,9325,9875
315,11161,9444,9961
316,11600,9404,9950
317,11661,9417,10010
318,11264,9480,10048
319,11293,9503,10093
320,11773,9546,10114
321,11975,9558,10157
322,11568,9603,10192
323,11605,9607,10233
324,12074,9683,10273
325,12107,9671,10334
326,11675,9714,10359
327,11734,9740,10402
328,12217,9780,10462
329,12448,9783,10519
330,12041,9833,10539
331,12079,9860,10572
332,12526,9909,10651
333,12581,9918,10660
334,12133,9982,10696
335,12196,10013,10744
336,12770,10039,10784
337,12928,10167,10827
338,12523,10106,10926
339,12535,10122,10961
340,13099,10183,10945
341,13089,10219,11057
342,12632,10238,11096
343,12732,10266,11081
344,13252,10372,11128
345,13415,10445,11206
346,12939,10391,11206
347,12983,10411,11229
348,13498,10467,11259
349,13521,10535,11333
350,13073,10544,11365
351,13113,10576,11400
352,13684,10632,11466
353,13884,10634,11468
354,13396,10721,11513
355,13424,10711,11558
356,13988,10765,11586
357,14011,10769,11648
358,13521,10821,11686
359,13551,10864,11711
360,14140,10890,11763
361,14344,10918,11770
362,13844,10961,11835
363,13891,10990,11859
364,14475,11081,11921
365,14490,11079,11945
366,13984,11184,12040
367,14004,11308,12072
368,14637,11347,12060
369,14840,11241,12173
370,14386,11291,12221
371,14415,11400,12176
372,14928,11358,12263
373,14988,11466,12246
374,14501,11510,12318
375,14486,11531,12396
376,15109,11524,12380
377,15352,11606,12436
378,14869,11641,12518
379,14892,11614,12509
380,15427,11691,12582
381,15562,11710,12572
382,14974,11945,12617
383,14968,11888,12672
384,15631,11963,12684
385,15881,11843,12770
386,15328,11919,12824
387,15331,11920,12789
388,15988,12055,12836
389,16013,12036,12940
390,15461,12211,12915
391,15442,12096,12962
392,16148,12123,12994
393,16403,12101,13102
394,15798,12206,13159
395,15829,12192,13122
396,16468,12280,13220
397,16497,12274,13233
398,15930,12341,13207
399,15963,12408,13259
400,16653,12409,13368
401,16874,12376,13391
402,16245,12442,13404
403,16358,12495,13426
404,16999,12550,13503
405,17039,12509,13546
406,16422,12570,13537
407,16448,12653,13582
408,17151,12716,13682
409,17407,12678,13713
410,16763,12725,13679
411,16786,12745,13732
412,17502,12801,13747
413,17581,12817,13800
414,16882,12905,13843
415,16931,12972,13909
416,17715,12963,13927
417,17940,13158,13934
418,17235,13018,13979
419,17270,13038,14065
420,18064,13111,14099
421,18075,13108,14096
422,17373,13163,14140
423,17399,13214,14210
424,18223,13238,14232
425,18518,13259,14255
426,17767,13337,14336
427,17805,13410,14372
428,18627,13447,14370
429,18667,13442,14416
430,17905,13495,14441
431,17958,13530,14520
432,18798,13569,14528
433,19054,13635,14552
434,18308,13671,14627
435,18354,13675,14647
436,19201,13765,14710
437,19240,13781,14706
438,18457,13855,14752
439,18503,13872,14788
440,19376,14000,14832
441,19624,14009,14841
442,18829,14026,14898
443,18872,14045,14956
444,19689,14121,14978
445,19724,14135,14987
446,19008,14222,15040
447,19025,14227,15128
448,19936,14284,15119
449,20144,14287,15167
450,19357,14343,15191
451,19420,14373,15231
452,20257,14427,15273
453,20287,14512,15287
454,19474,14493,15327
455,19555,14519,15425
456,20459,14582,15414
457,20671,14759,15460
458,19804,14642,15526
459,19832,14667,15553
460,20729,14741,15568
461,20778,14758,15608
462,19977,14830,15667
463,20014,14856,15683
464,21026,14899,15718
465,21270,14938,15793
466,20363,14971,15809
467,20407,15099,15855
468,21381,15111,15929
469,21431,15086,15917
470,20480,15184,15964
471,20536,15246,16045
472,21656,15280,16059
473,21953,15267,16130
474,20864,15411,16155
475,20897,15388,16161
476,22027,15453,16232
477,22020,15473,16241
478,20995,15546,16281
479,21042,15612,16314
480,22118,15619,16369
481,22332,15662,16380
482,21362,15849,16445
483,21417,15724,16499
484,22396,15780,16484
485,22430,15800,16559
486,21533,15931,16580
487,21545,15920,16623
488,22615,15995,16636
489,22975,15984,16687
490,21901,16045,16733
491,21948,16082,16784
492,23019,16144,16812
493,23094,16184,16874
494,22111,16250,16889
495,22129,16361,16912
496,23267,16348,16939
497,23609,16386,16981
498,22467,16420,17027
499,22530,16531,17096
500,23679,16567,17132
501,23715,16560,17177
502,22677,16622,17184
503,22693,16653,17209
504,23934,16733,17289
505,24180,16912,17295
506,23060,16839,17367
507,23112,16864,17377
508,24249,16956,17420
509,24292,17186,17446
510,23216,17058,17494
511,23263,17044,17544
512,24509,17075,17576
513,24879,17072,17653
514,23605,17184,17636
515,23649,17163,17702
516,24890,17199,17760
517,24946,17214,17807
518,23814,17278,17865
519,23822,17328,17916
520,25172,17323,17931
521,25444,17333,17960
522,24184,17387,18028
523,24243,17451,18049
524,25522,17466,18089
525,25564,17489,18172
526,24388,17534,18235
527,24426,17662,18238
528,25782,17674,18270
529,26143,17612,18331
530,24803,17670,18410
531,24825,17700,18415
532,26202,17737,18466
533,26272,17759,18521
534,24980,17859,18573
535,25027,17920,18582
536,26501,17887,18635
537,26697,17902,18669
538,25414,17961,18717
539,25492,18019,18811
540,26759,18051,18856
541,26795,18059,18862
542,25608,18307,18905
543,25660,18182,18984
544,27005,18204,18995
545,27327,18235,19074
546,26014,18304,19099
547,26081,18274,19140
548,27616,18325,19384
549,27881,18572,19469
550,26262,18434,19383
551,26630,18736,19689
552,28041,18861,19744
553,28368,18787,20009
554,26949,18754,19514
555,26715,18578,19534
556,28045,18763,19551
557,28181,18703,19643
558,26902,18764,19741
559,26923,18800,19711
560,28380,18849,19753
561,28732,18898,19799
562,27241,18868,19817
563,27329,18885,19831
564,28716,19095,19902
565,28764,18976,19930
566,27471,19032,19989
567,27526,19061,20013
568,28970,19179,20039
569,29282,19136,20122
570,27906,19285,20117
571,27995,19227,20201
572,29488,19312,20273
573,29501,19371,20311
574,28203,19443,20357
575,28225,19529,20407
576,29664,19487,20458
577,29995,19546,20492
578,28604,19526,20549
579,28654,19556,20624
580,30083,19673,20644
581,30136,19749,20689
582,28800,19742,20814
583,28861,19675,20782
584,30367,19861,20904
585,30700,19858,21002
586,29250,19808,20945
587,29263,19949,20976
588,30722,19946,20990
589,30816,19935,21056
590,29453,19994,21046
591,29791,20296,21419
592,31400,20334,21540
593,31571,20224,21314
594,30270,20446,21607
595,30269,20477,21643
596,31621,20391,21596
597,31576,20347,21429
598,30502,20681,21740
599,30522,20624,21818
600,32040,20590,21812
601,32204,20916,21794
602,30670,20654,21832
603,30609,20552,21704
604,32264,20842,21837
605,32237,20681,21830
606,30788,20658,21814
607,30756,20725,21829
608,32432,20756,21869
609,32767,20948,21919
610,31233,20998,21930
611,31224,20799,21954
612,32830,20939,21993
613,32881,21097,22064
614,31362,21013,22086
615,31420,20985,22124
616,33112,21035,22182
617,33420,21067,22221
618,31852,21144,22286
619,31893,21141,22304
620,33526,21247,22346
621,33587,21241,22387
622,32084,21293,22436
623,32104,21315,22478
624,33791,21384,22509
625,34125,21406,22583
626,32496,21611,22632
627,32589,21498,22679
628,34240,21553,22712
629,34302,21551,22743
630,32759,21617,22816
631,32788,21651,22827
632,34521,21709,22886
633,34903,21716,22965
634,33258,21841,22948
635,33298,21854,23041
636,35003,21911,23055
637,35049,21903,23087
638,33448,21951,23114
639,33511,21985,23191
640,35258,22077,23237
641,35610,22041,23266
642,33927,22085,23342
643,34000,22113,23357
644,35713,22171,23396
645,35778,22209,23440
646,34151,22283,23508
647,34198,22270,23522
648,36005,22367,23587
649,36366,22327,23640
650,34650,22416,23678
651,34717,22411,23760
652,36465,22481,23758
653,36560,22554,23794
654,34868,22565,23833
655,34938,22580,23888
656,36742,22733,23958
657,37090,22641,23963
658,35352,22910,24021
659,35354,22729,24069
660,37155,22790,24143
661,37229,22806,24140
662,35519,23078,24220
663,35607,22959,24271
664,37419,22968,24290
665,37755,22999,24350
666,35997,23054,24353
667,36046,23077,24434
668,37813,23168,24480
669,37913,23235,24533
670,36247,23206,24556
671,36307,23242,24609
672,38150,23302,24627
673,38464,23372,24690
674,36789,23365,24724
675,36740,23405,24797
676,38571,23524,24824
677,38612,23476,24863
678,36906,23542,24938
679,36975,23603,24939
680,38836,23782,24998
681,39263,23718,25047
682,37421,23721,25086
683,37474,23778,25159
684,39337,23849,25210
685,39377,23893,25232
686,37654,23974,25263
687,37727,24033,25295
688,39656,23986,25356
689,40103,24061,25398
690,38165,24088,25452
691,38212,24215,25477
692,40072,24374,25526
693,40187,24259,25569
694,38366,24339,25614
695,38468,24398,25676
696,40412,24353,25717
697,40773,24424,25731
698,38896,24437,25828
699,38954,24440,25804
700,40884,24552,25850
701,40981,24634,25926
702,39131,24606,25959
703,39209,24825,26019
704,41211,24683,26042
705,41544,24726,26097
706,39634,24785,26132
707,39673,24791,26156
708,41640,24874,26256
709,41718,24887,26254
710,39881,24957,26345
711,39954,25023,26347
712,41938,25056,26428
713,42365,25062,26463
714,40394,25156,26483
715,40473,25179,26580
716,42487,25223,26585
717,42551,25219,26623
718,40636,25263,26683
719,40644,25380,26743
720,42823,25383,26762
721,43191,25424,26825
722,41126,25462,26878
723,41211,25528,26954
724,43248,25560,26931
725,43310,25639,27002
726,41394,25698,27064
727,41440,25662,27096
728,43623,25738,27166
729,44066,25745,27208
730,41917,25844,27188
731,42008,26006,27257
732,44173,25920,27340
733,44185,26094,27322
734,42144,26027,27393
735,42210,26100,27421
736,44479,26101,27476
737,45135,26628,27503
738,42626,26282,27591
739,42697,26280,27604
740,44942,26292,27660
741,45658,26731,28166
742,42967,26462,27785
743,43084,26630,27789
744,45326,26788,27800
745,45952,26485,27888
746,44007,26660,27964
747,43522,26552,27954
748,45856,26648,27994
749,45968,26676,28069
750,43760,26741,28134
751,43798,26815,28138
752,46223,26883,28212
753,47277,27349,28343
754,44233,26927,28250
755,44432,27168,28563
756,47047,27153,28491
757,46903,27118,28392
758,44628,27341,28562
759,44669,27206,28606
760,47179,27283,28570
761,47612,27584,28708
762,45180,27599,28710
763,45219,27480,28791
764,47733,27526,28787
765,47885,27441,28846
766,45454,27704,28832
767,45370,27568,28833
768,48307,27597,28893
769,48334,27550,28916
770,45945,27701,29250
771,45938,27618,29067
772,48976,27853,29241
773,48852,27904,29276
774,46481,27824,29283
775,46192,27791,29229
776,48802,27824,29264
777,49270,27891,29299
778,46668,27898,29336
779,46756,27938,29385
780,49364,28117,29402
781,49425,28102,29487
782,46921,28397,29490
783,46960,28281,29507
784,49684,28250,29610
785,50129,28185,29671
786,47500,28369,29698
787,47572,28250,29711
788,50214,28327,29729
789,50277,28377,29785
790,47711,28417,29840
791,47757,28453,29930
792,50578,28523,29949
793,51069,28526,29980
794,48356,28614,30037
795,48398,28646,30079
796,51143,28718,30133
797,51245,28956,30203
798,48554,28744,30226
799,48657,28786,30244
800,51488,28824,30348
801,51908,29097,30360
802,49144,28927,30381
803,49236,28988,30401
804,52019,29032,30439
805,52058,29040,30522
806,49385,29116,30531
807,49423,29158,30588
808,52394,29145,30626
809,52854,29174,30663
810,49993,29290,30718
811,50070,29303,30784
812,52992,29365,30856
813,53117,29405,30862
814,50305,29405,30914
815,50326,29477,30963
816,53272,29740,30973
817,53726,29620,31025
818,50812,29730,31069
819,50893,29660,31119
820,53805,29682,31176
821,53888,29697,31209
822,51021,29789,31277
823,51113,29860,31284
824,54178,29857,31358
825,54674,29881,31356
826,51675,29928,31456
827,51704,30086,31487
828,54749,30027,31511
829,54845,30060,31556
830,51946,30193,31695
831,51995,30157,31598
832,55097,30345,31695
833,55497,30308,31788
834,52501,30409,31746
835,52617,30348,31930
836,55684,30396,31930
837,55727,30510,31893
838,52809,30629,31970
839,52848,30496,31997
840,56038,30572,32063
841,56580,30604,32092
842,53448,30666,32221
843,53528,30657,32166
844,56693,30783,32253
845,56752,30940,32324
846,53737,30849,32355
847,53818,30907,32353
848,57049,30968,32531
849,57478,30975,32469
850,54315,30975,32567
851,54412,31004,32524
852,57556,31150,32549
853,57659,31100,32620
854,54616,31151,32669
855,54657,31237,32748
856,57954,31295,32727
857,58462,31284,32799
858,55205,31359,32798
859,55317,31408,32954
860,58593,31513,32948
861,58680,31556,33031
862,55504,31519,32987
863,55578,31595,33050
864,58888,31636,33119
865,59347,31656,33144
866,56111,31749,33186
867,56130,31833,33229
868,59490,31823,33282
869,59535,31892,33314
870,56400,31925,33395
871,56442,31928,33435
872,59836,32004,33526
873,60382,32038,33465
874,57057,32123,33568
875,57187,32208,33587
876,60512,32179,33658
877,60601,32229,33705
878,57301,32481,33798
879,57393,32331,33778
880,60871,32408,33857
881,61316,32602,33910
882,57934,32457,33850
883,58021,32516,33959
884,61425,32586,34093
885,61528,32660,34054
886,58255,32815,34146
887,58271,32738,34129
888,61781,32813,34190
889,62348,32875,34280
890,58917,32856,34288
891,59002,32912,34312
892,62436,32999,34269
893,62509,32969,34456
894,59195,33107,34542
895,59327,33223,34519
896,62960,33288,34585
897,63441,33254,34602
898,59801,33267,34663
899,59952,33291,34742
900,63511,33371,34792
901,63601,33468,34797
902,60131,33468,34943
903,60307,33462,34830
904,63969,33676,35004
905,64469,33624,34967
906,60835,33941,35118
907,60867,33617,35074
908,64445,33711,35122
909,64528,33702,35085
910,61158,33889,35204
911,61259,33914,35219
912,64896,34041,35243
913,65546,33998,35303
914,61744,34108,35439
915,61874,34038,35507
916,65532,34208,35505
917,65603,34309,35598
918,62059,34187,35612
919,62109,34353,35656
920,65952,34509,35694
921,66473,34352,35766
922,62786,34391,35732
923,62779,34484,35862
924,66540,34563,35748
925,66663,34524,35854
926,63011,34614,35979
927,63153,34720,35905
928,66871,34826,36086
929,67444,34955,36129
930,63728,34817,36145
931,63763,35082,36209
932,67479,34958,36169
933,67626,34938,36321
934,64001,35059,36384
935,64050,35002,36437
936,67935,35341,36298
937,68466,35188,36435
938,64631,35159,36414
939,64820,35238,36621
940,68596,35305,36607
941,68624,35278,36652
942,65022,35385,36626
943,65021,35597,36866
944,69014,35535,36829
945,69461,35474,36864
946,65643,35580,36883
947,65688,35660,36953
948,69490,35929,36975
949,69727,35869,37035
950,66030,35773,36988
951,65977,35912,37067
952,69963,36088,37146
953,70515,35859,37278
954,66634,35935,37341
955,66768,36079,37365
956,70707,36325,37350
957,70749,36271,37455
958,66813,36218,37660
959,67053,36328,37412
960,71153,36386,37566
961,71674,36469,37482
962,67699,36416,37720
963,67757,36552,37859
964,71649,36689,37851
965,71801,36552,37878
966,67964,36506,37888
967,68034,36640,37867
968,72160,36861,37886
969,72822,36712,37961
970,68624,36843,38002
971,68787,36772,38143
972,72886,36898,38211
973,72943,36876,38265
974,68878,36933,38205
975,69076,37092,38321
976,73434,37147,38504
977,73943,37128,38340
978,69594,37188,38513
979,69724,37215,38510
980,74228,37240,38506
981,74297,37365,38502
982,69915,37299,38590
983,70041,37350,38620
984,74713,37564,38671
985,75281,37570,38850
986,70741,37597,38706
987,70764,37684,38790
988,75632,37715,38937
989,75650,37760,38981
990,70969,37785,38972
991,71047,37805,38915
992,75768,37914,38997
993,76276,37893,39094
994,71721,37951,39193
995,71781,37947,39296
996,76358,38113,39277
997,76503,38166,39537
998,72011,38281,39486
999,72069,38205,39540
1000,76777,38333,39395
