n,Baseline (copy+sort),Find SIMD (O2),Find SIMD (O3),Insert Cache (O2),Insert Cache (O3),Heap Cache (O2),Heap Cache (O3),Tournament Tree (O2),Tournament Tree (O3)
3,47,38,38,16,17,22,22,16,16
4,107,49,49,24,25,30,29,29,29
5,82,59,58,32,33,39,38,44,43
6,115,76,76,40,42,52,52,51,51
7,125,91,90,49,52,69,70,70,72
8,175,105,104,58,66,78,78,82,82
9,176,108,108,68,76,89,89,104,104
10,202,120,121,78,88,105,104,120,120
11,209,134,134,88,98,125,123,135,134
12,265,148,147,98,111,139,138,141,140
13,262,157,157,110,134,158,158,171,171
14,299,168,170,121,152,181,179,187,184
15,304,183,182,133,143,203,201,202,201
16,348,196,196,145,155,215,214,214,215
17,352,214,216,157,178,228,227,241,241
18,396,226,226,169,197,245,243,265,265
19,406,241,240,183,252,264,263,291,291
20,455,253,253,195,264,280,279,310,311
21,459,263,263,210,282,300,300,335,335
22,505,274,275,224,300,324,322,350,348
23,503,288,288,238,298,346,345,361,362
24,568,301,302,253,307,363,361,371,372
25,556,326,327,269,327,382,381,404,405
26,604,338,338,285,347,406,405,427,426
27,614,351,353,301,396,430,431,445,445
28,680,365,365,318,407,454,453,459,459
29,680,374,375,335,426,477,478,477,478
30,717,386,394,352,445,508,504,498,492
31,732,406,400,370,466,536,533,511,514
32,783,413,415,389,483,547,546,527,527
33,772,438,439,407,502,560,559,557,559
34,837,450,451,426,522,581,580,584,588
35,817,464,464,445,541,603,601,615,621
36,878,478,479,466,552,621,620,643,650
37,881,490,489,486,571,641,642,674,682
38,946,500,500,507,589,666,664,701,709
39,935,514,515,526,610,692,687,728,734
40,987,528,529,547,637,711,707,750,758
41,985,551,551,568,655,731,726,784,788
42,1058,562,562,590,668,757,750,811,813
43,1039,576,577,612,670,787,778,836,839
44,1104,590,591,634,691,811,800,857,861
45,1099,601,600,658,712,837,826,880,884
46,1160,612,612,683,731,871,854,900,904
47,1202,626,626,705,788,899,882,924,928
48,1219,640,641,729,761,916,901,941,950
49,1226,675,675,753,784,933,920,971,977
50,1286,686,685,778,805,962,947,1000,1001
51,1283,704,700,804,828,987,972,1024,1029
52,1392,715,715,829,848,1012,998,1048,1049
53,1332,725,726,856,868,1036,1025,1069,1076
54,1408,736,735,883,890,1069,1055,1093,1095
55,1396,750,750,911,911,1100,1088,1111,1116
56,1456,764,765,940,923,1125,1112,1134,1138
57,1436,817,817,968,945,1151,1139,1157,1162
58,1514,828,828,994,964,1184,1170,1184,1185
59,1489,842,844,1022,994,1217,1204,1208,1208
60,1570,858,857,1056,997,1248,1232,1225,1232
61,1575,868,871,1087,1017,1278,1262,1251,1254
62,1644,880,880,1116,1043,1313,1295,1270,1279
63,1610,894,895,1148,1063,1344,1326,1298,1300
64,1729,909,909,1177,1080,1359,1345,1326,1324
65,1668,947,947,1210,1100,1374,1360,1354,1357
66,1745,958,957,1241,1126,1395,1385,1382,1393
67,1737,972,972,1273,1163,1420,1405,1417,1427
68,1815,987,988,1304,1156,1442,1427,1457,1462
69,1785,998,998,1338,1179,1460,1444,1495,1496
70,1903,1010,1010,1374,1197,1488,1473,1529,1530
71,1853,1025,1025,1404,1222,1516,1496,1559,1569
72,1933,1040,1040,1439,1242,1532,1516,1593,1593
73,1913,1064,1064,1472,1264,1553,1535,1624,1631
74,2016,1076,1078,1507,1287,1578,1564,1661,1659
75,1980,1091,1092,1543,1310,1607,1592,1691,1697
76,2059,1105,1109,1578,1333,1630,1618,1724,1721
77,2066,1115,1118,1613,1356,1657,1640,1757,1751
78,2140,1127,1129,1650,1373,1687,1672,1781,1780
79,2087,1142,1142,1688,1396,1717,1697,1812,1815
80,2169,1157,1159,1726,1775,1737,1718,1838,1838
81,2153,1207,1211,1764,1806,1758,1737,1869,1867
82,2230,1221,1222,1800,1460,1784,1764,1897,1887
83,2227,1237,1238,1837,1480,1814,1796,1926,1914
84,2292,1251,1252,1877,1498,1840,1820,1951,1942
85,2282,1278,1263,1916,1521,1869,1845,1983,1965
86,2360,1275,1276,1953,1548,1901,1880,2005,1987
87,2337,1289,1289,1994,1572,1935,1910,2022,2016
88,2424,1303,1305,2035,1584,1960,1935,2042,2029
89,2417,1397,1397,2075,1608,1988,1965,2071,2055
90,2505,1411,1409,2118,1631,2019,1995,2095,2089
91,2467,1424,1427,2158,1649,2055,2024,2123,2110
92,2571,1441,1443,2205,1664,2083,2057,2145,2131
93,2514,1454,1455,2253,1692,2114,2085,2168,2156
94,2607,1465,1469,2290,1718,2150,2121,2190,2174
95,2589,1482,1483,2327,1744,2189,2153,2215,2202
96,2660,1498,1498,2371,1764,2204,2174,2238,2216
97,2629,1556,1559,2414,1789,2228,2193,2265,2251
98,2731,1569,1568,2459,1818,2256,2223,2295,2274
99,2741,1588,1584,2505,1836,2287,2246,2320,2312
100,2875,1601,1601,2549,1859,2311,2275,2340,2331
101,2776,1614,1612,2596,1881,2339,2302,2370,2361
102,2878,1628,1625,2649,1942,2372,2334,2395,2388
103,2835,1642,1645,2691,1930,2406,2362,2418,2403
104,2941,1662,1659,2733,1952,2428,2392,2444,2435
105,2906,1674,1677,2779,1974,2457,2415,2466,2467
106,3001,1686,1691,2829,1995,2488,2454,2489,2480
107,2975,1704,1706,2877,2036,2526,2484,2519,2512
108,3075,1720,1723,2926,2064,2552,2518,2537,2525
109,3045,1731,1737,2978,2089,2591,2547,2555,2559
110,3130,1744,1747,3026,2121,2628,2588,2577,2583
111,3083,1760,1763,3074,2159,2665,2617,2607,2599
112,3185,1778,1781,3119,2201,2687,2652,2630,2630
113,3164,1842,1845,3169,2230,2720,2672,2650,2649
114,3230,1856,1859,3223,2254,2750,2708,2674,2673
115,3209,1872,1907,3274,2420,2786,2740,2714,2692
116,3320,1895,1894,3328,2287,2819,2773,2727,2723
117,3248,1908,1909,3378,2313,2855,2814,2746,2746
118,3370,1919,1920,3430,2314,2895,2846,2769,2774
119,3322,1937,1936,3484,2337,2936,2883,2790,2795
120,3444,1954,1957,3535,2368,2964,2916,2819,2820
121,3405,2083,2086,3588,2395,2999,2944,2839,2849
122,3553,2104,2103,3641,2404,3035,2984,2874,2870
123,3448,2119,2119,3698,2405,3077,3018,2896,2891
124,3566,2138,2140,3752,2417,3108,3056,2916,2926
125,3532,2151,2156,3807,2441,3148,3084,2952,2954
126,3626,2165,2169,3864,2567,3195,3128,2979,2974
127,3584,2184,2186,3918,2596,3227,3161,3003,2994
128,3685,2207,2207,3980,2595,3247,3186,3026,3020
129,3690,2277,2286,4039,2628,3270,3209,3065,3057
130,3761,2286,2294,4089,2658,3294,3235,3101,3102
131,3733,2305,2315,4162,2870,3326,3259,3137,3142
132,3810,2324,2332,4219,2892,3347,3289,3170,3178
133,3801,2340,2347,4279,2934,3375,3312,3222,3211
134,3881,2355,2365,4341,2973,3403,3343,3255,3249
135,3837,2373,2381,4389,2845,3432,3369,3296,3296
136,3934,2393,2404,4452,2884,3453,3399,3335,3324
137,3909,2405,2408,4509,2917,3475,3420,3379,3376
138,3994,2420,2422,4570,2954,3507,3453,3415,3406
139,3988,2440,2437,4635,2997,3541,3484,3459,3451
140,4051,2457,2457,4702,3030,3560,3508,3489,3485
141,4051,2476,2476,4760,3060,3594,3534,3527,3524
142,4140,2490,2489,4823,3095,3626,3568,3566,3560
143,4116,2507,2508,4887,3126,3658,3593,3600,3591
144,4250,2529,2528,4944,3159,3676,3621,3642,3631
145,4160,2608,2609,5013,3194,3703,3644,3677,3670
146,4229,2624,2624,5075,3228,3785,3676,3709,3704
147,4285,2644,2646,5138,3263,3765,3699,3757,3747
148,4351,2663,2668,5204,3302,3789,3734,3791,3789
149,4315,2679,2682,5264,3331,3822,3755,3835,3814
150,4448,2694,2697,5330,3370,3853,3791,3861,3851
151,4322,2716,2716,5394,3397,3891,3822,3904,3888
152,4456,2737,2735,5454,3434,3916,3854,3935,3920
153,4399,2918,2918,5519,3467,3946,3879,3969,3962
154,4570,2937,2938,5585,3505,3976,3918,4010,3994
155,4524,2957,2960,5654,3525,4010,3951,4049,4090
156,4590,2977,2978,5725,3557,4044,3985,4085,4070
157,4513,2997,3003,5794,3592,4081,4011,4125,4106
158,4668,3013,3021,5860,3635,4119,4050,4152,4142
159,4621,3042,3040,5943,3627,4151,4082,4188,4183
160,4742,3059,3059,6009,3668,4180,4111,4221,4214
161,4682,3155,3157,6082,3700,4205,4135,4264,4241
162,4823,3172,3176,6153,3742,4234,4169,4301,4284
163,4721,3193,3219,6222,3804,4270,4194,4357,4345
164,4887,3239,3259,6297,3839,4297,4234,4413,4385
165,4844,3271,3276,6364,3884,4339,4263,4440,4427
166,4967,3291,3297,6451,3921,4372,4302,4471,4466
167,4889,3317,3325,6511,3966,4411,4336,4510,4498
168,4974,3344,3352,6586,4006,4442,4371,4542,4529
169,4952,3326,3327,6665,4048,4482,4402,4577,4568
170,5080,3359,3355,6754,4087,4515,4444,4608,4596
171,5079,3380,3387,6822,4219,4556,4475,4648,4624
172,5118,3418,3416,6892,4255,4592,4519,4677,4662
173,5028,3440,3444,6986,4292,4629,4553,4702,4689
174,5208,3465,3465,7061,4333,4675,4595,4731,4710
175,5105,3480,3496,7162,4356,4708,4627,4758,4741
176,5269,3514,3519,7230,4409,4737,4656,4790,4765
177,5214,3599,3597,7309,4441,4769,4680,4817,4812
178,5349,3606,3619,7384,4478,4802,4719,4847,4843
179,5229,3632,3638,7471,4480,4840,4751,4880,4863
180,5410,3654,3659,7544,4512,4868,4786,4912,4891
181,5280,3670,3678,7625,4546,4909,4820,4941,4914
182,5463,3694,3696,7702,4584,4949,4861,4957,4950
183,5414,3713,3720,7774,4617,4990,4898,4994,4971
184,5490,3738,3740,7865,4656,5020,4930,5014,4992
185,5466,4148,4150,7938,4697,5055,4960,5050,5022
186,5586,4170,4178,8021,4731,5098,5008,5079,5045
187,5509,4190,4205,8106,4708,5137,5037,5093,5076
188,5639,4223,4223,8176,4752,5171,5073,5124,5103
189,5634,4237,4269,8259,4786,5211,5100,5156,5127
190,5691,4257,4265,8334,4822,5255,5148,5170,5170
191,5642,4286,4294,8457,5261,5292,5178,5212,5187
192,5856,4311,4320,8546,5305,5310,5221,5242,5205
193,5673,4425,4437,8626,5339,5343,5240,5269,5241
194,5890,4450,4457,8712,5377,5388,5271,5304,5266
195,5783,4470,4476,8757,5000,5405,5297,5333,5298
196,5881,4493,4504,8832,5035,5429,5333,5359,5331
197,5867,4520,4530,8918,5067,5456,5353,5396,5357
198,6051,4540,4546,9002,5107,5498,5392,5424,5391
199,5883,4562,4574,9144,5144,5530,5423,5461,5429
200,6046,4589,4599,9172,5181,5552,5455,5479,5442
201,5932,4440,4461,9258,5222,5583,5475,5524,5478
202,6159,4459,4482,9396,5253,5619,5517,5548,5505
203,6069,4483,4504,9438,5339,5650,5559,5576,5534
204,6212,4506,4530,9564,5372,5684,5592,5612,5565
205,6094,4525,4549,9608,5412,5720,5617,5637,5599
206,6236,4543,4572,9685,5446,5801,5654,5670,5621
207,6223,4573,4589,9855,5915,5799,5684,5696,5658
208,6354,4592,4613,9929,5965,5824,5718,5727,5694
209,6260,4726,4748,10014,6007,5855,5738,5749,5707
210,6394,4739,4750,10135,6041,5899,5787,5782,5746
211,6339,4767,4776,10128,5634,5918,5812,5808,5767
212,6463,4790,4807,10215,5670,5958,5850,5843,5792
213,6323,4805,4821,10361,5711,5989,5885,5870,5832
214,6561,4832,4844,10394,5739,6034,5932,5901,5855
215,6459,4854,4868,10534,5776,6083,5964,5926,5876
216,6569,4878,4891,10581,5832,6104,5999,5948,5908
217,6457,5380,5397,10674,5866,6142,6034,5991,5932
218,6628,5404,5414,10774,5905,6188,6077,6012,5963
219,6568,5434,5438,10910,5876,6221,6112,6039,5999
220,6747,5462,5469,10953,5925,6258,6153,6073,6014
221,6634,5483,5493,11042,5968,6298,6186,6090,6056
222,6845,5499,5512,11182,6001,6340,6229,6116,6079
223,6669,5534,5542,11242,6216,6384,6264,6160,6113
224,6864,5560,5564,11381,6258,6411,6294,6176,6130
225,6759,5638,5642,11438,6299,6438,6330,6192,6155
226,6960,5664,5670,11534,6337,6477,6364,6236,6191
227,6872,5742,5694,11613,6174,6509,6393,6258,6213
228,7019,5717,5720,11723,6225,6538,6433,6285,6257
229,6893,5739,5748,11865,6257,6584,6454,6327,6267
230,7185,5770,5771,11942,6315,6614,6505,6343,6303
231,7016,5790,5797,11999,6330,6660,6540,6380,6334
232,7127,5824,5829,12150,6376,6694,6575,6400,6358
233,7041,5693,5699,12190,6407,6729,6609,6437,6372
234,7249,5716,5760,12282,6443,6766,6648,6456,6408
235,7099,5745,5758,12415,7037,6807,6685,6489,6450
236,7261,5772,5801,12533,7077,6844,6722,6514,6458
237,7229,5777,5794,12644,7107,6887,6756,6558,6500
238,7335,5829,5828,12699,7151,6932,6808,6562,6523
239,7276,5849,5857,12807,6944,6976,6835,6600,6549
240,7466,5871,5874,12910,7025,7004,6880,6638,6594
241,7287,6002,6017,13002,7062,7053,6916,6671,6620
242,7490,6032,6069,13092,7112,7076,6953,6694,6643
243,7406,6071,6078,13177,6904,7134,6990,6732,6675
244,7547,6117,6108,13333,7002,7168,7031,6820,6713
245,7532,6201,6167,13390,7007,7223,7080,6807,6741
246,7669,6299,6198,13556,7039,7258,7121,6841,6777
247,7490,6238,6220,13637,7124,7315,7174,6868,6814
248,7694,6240,6259,13748,7183,7349,7216,6898,6833
249,7587,6737,6778,13875,7213,7395,7261,6933,6861
250,7767,6810,6809,14029,7263,7436,7295,6960,6892
251,7609,6838,6812,14083,7466,7486,7336,6994,6921
252,7785,6894,6887,14273,7524,7522,7378,7021,6946
253,7747,6874,6977,14335,7577,7567,7420,7044,6966
254,7869,6933,6916,14453,7613,7638,7457,7076,7006
255,7765,6980,6989,14576,7423,7663,7497,7107,7025
256,7934,6945,7000,14689,7461,7678,7533,7131,7054
257,7872,6802,6882,14802,7506,7714,7550,7194,7114
258,8091,7309,7168,14977,7581,7742,7589,7231,7148
259,7952,7211,7202,15113,7635,7776,7615,7271,7207
260,8116,6969,6936,15249,7754,7805,7654,7316,7240
261,7949,6975,7024,15372,7907,7837,7674,7359,7329
262,8181,7373,7316,15473,7802,7872,7709,7396,7338
263,8043,7377,7340,15722,7881,7902,7739,7432,7380
264,8282,7180,7209,15674,8014,7930,7773,7467,7408
265,8158,7352,7502,15847,8106,7963,7796,7487,7461
266,8317,7892,7849,16156,8062,7995,7832,7554,7493
267,8271,7958,7918,16318,8216,8029,7864,7599,7541
268,8325,7725,7634,16298,8333,8061,7898,7637,7594
269,8279,7658,7693,16522,8431,8093,7975,7685,7631
270,8445,8002,8029,16619,8239,8138,7966,7766,7681
271,8338,7950,7988,16860,8391,8164,8000,7778,7719
272,8460,7752,7750,16985,8597,8193,8033,7808,7756
273,8449,7972,8093,17051,8666,8229,8080,7855,7810
274,8718,8390,8325,17137,8718,8265,8087,7900,7859
275,8643,8472,7972,17235,8894,8292,8166,7944,7909
276,8631,8289,8123,17374,8727,8329,8150,7982,7942
277,8583,8197,8301,17652,9245,8360,8178,8032,7983
278,8715,8686,8597,17641,8797,8392,8222,8065,8046
279,8599,8658,8772,17911,9082,8431,8248,8118,8067
280,8773,8379,8391,18021,9292,8461,8290,8151,8104
281,8592,8563,8566,18065,9367,8506,8313,8202,8144
282,8806,8986,9054,18206,9397,8534,8353,8233,8193
283,8866,9047,9125,18343,9375,8573,8408,8282,8230
284,8946,8679,8702,18509,9657,8605,8426,8319,8274
285,8815,8708,8737,18597,9766,8657,8449,8364,8311
286,8908,9116,9158,18750,9475,8688,8491,8405,8355
287,8831,9103,9210,18813,9548,8725,8523,8438,8374
288,9148,8820,8840,18958,9884,8747,8612,8489,8430
289,8877,9002,9027,19067,9964,8777,8585,8520,8503
290,9226,9523,9515,19175,9884,8819,8616,8585,8521
291,8967,9543,9588,19371,9941,8843,8640,8621,8610
292,9146,9095,9120,19432,10157,8891,8690,8710,8607
293,9093,9129,9182,19589,10219,8912,8702,8701,8650
294,9340,9595,9612,19692,10134,8954,8740,8736,8762
295,9206,9635,9619,19822,10172,8983,8779,8767,8743
296,9386,9214,9219,19978,10316,9013,8828,8809,8778
297,9199,9395,9414,20087,10447,9049,8888,8868,8809
298,9552,9941,9937,20197,10375,9133,8878,8904,8864
299,9307,9977,9962,20359,10424,9166,8926,8940,8910
300,9527,9494,9513,20474,10593,9165,8956,8986,8955
301,9429,9544,9530,20583,10671,9199,8994,9044,8998
302,9604,10038,10037,20738,10605,9245,9024,9058,9030
303,9435,10057,10069,20821,10676,9282,9107,9111,9071
304,9774,9645,9624,20988,10819,9311,9112,9154,9105
305,9545,9809,9793,21079,10923,9354,9119,9179,9174
306,9669,10364,10359,21228,10821,9433,9179,9233,9211
307,9559,10387,10405,21320,10871,9426,9235,9299,9226
308,9715,9892,9907,21479,11084,9477,9241,9361,9264
309,9711,9921,9956,21646,11082,9499,9279,9358,9332
310,10006,10490,10465,21758,11057,9540,9331,9391,9366
311,9728,10513,10490,21874,11130,9581,9356,9490,9411
312,9903,10026,10082,22011,11248,9616,9410,9491,9496
313,9807,10261,10228,22150,11312,9656,9460,9508,9487
314,9974,10782,10802,22258,11256,9716,9483,9549,9504
315,9936,10829,10814,22366,11299,9733,9495,9582,9581
316,10108,10298,10348,22471,11457,9765,9550,9636,9576
317,9848,10363,10332,22652,11505,9832,9576,9674,9621
318,10118,10864,10874,22775,11486,9912,9634,9728,9723
319,9962,10907,10917,22944,11534,9931,9659,9747,9764
320,10259,10460,10467,23052,11689,9933,9702,9835,9759
321,10047,10609,10613,23199,11791,10003,9723,9819,9815
322,10381,11199,11186,23329,11749,10029,9762,9894,9907
323,10125,11216,11232,23451,11779,10040,9819,9924,9904
324,10299,10714,10712,23573,11897,10069,9891,9943,9922
325,10129,10738,10752,23715,12005,10125,9922,10037,9976
326,10411,11290,11332,23837,11922,10216,9934,10026,10000
327,10229,11339,11364,23996,12014,10253,10008,10080,10038
328,10486,10890,10848,24124,12153,10246,9992,10107,10073
329,10259,11020,11046,24241,12162,10319,10017,10145,10131
330,10595,11616,11638,24417,12136,10327,10066,10227,10184
331,10389,11665,11718,24533,12244,10400,10088,10207,10201
332,10800,11154,11132,24676,12346,10393,10147,10296,10204
333,10490,11143,11208,24781,12390,10456,10211,10287,10277
334,10682,11727,11725,24925,12399,10510,10248,10336,10307
335,10472,11763,11770,25094,12435,10515,10287,10390,10391
336,10711,11246,11264,25222,12565,10604,10291,10380,10416
337,10611,11448,11461,25359,12674,10642,10343,10429,10406
338,10801,12077,12085,25466,12626,10690,10403,10459,10425
339,10670,12165,12128,25631,12639,10673,10430,10540,10463
340,10871,11554,11573,25777,12792,10722,10454,10528,10548
341,10697,11592,11658,25915,12881,10807,10489,10568,10579
342,11041,12183,12181,26050,12821,10828,10587,10595,10599
343,10860,12215,12232,26198,12877,10859,10602,10635,10639
344,11148,11691,11774,26503,13113,11016,10681,10768,10651
345,10890,11962,11985,26634,13213,11212,10707,10816,10745
346,11274,12615,12671,26848,13148,11150,10812,10867,10830
347,10997,12645,12654,26984,13221,11150,10843,10815,10785
348,11131,12068,12018,27090,13358,11152,10856,10842,10843
349,10985,12021,12052,27069,13338,11156,10860,10857,10823
350,11255,12632,12685,27202,13328,11161,10871,10847,10846
351,11242,12714,12786,27607,13460,11411,10895,11085,10879
352,11316,12232,12144,27531,13547,11377,11003,10914,11092
353,11246,12312,12319,27609,13587,11258,10963,10983,10967
354,11344,12999,12996,27727,13546,11334,11064,10985,10955
355,11242,13007,13067,27913,13564,11398,11052,11003,10971
356,11473,12413,12456,28032,13779,11398,11106,11058,11044
357,11307,12514,12484,28155,13785,11466,11180,11069,11083
358,11598,13097,13101,28338,13750,11470,11186,11111,11117
359,11412,13178,13199,28487,13833,11510,11255,11185,11110
360,11641,12543,12616,28617,13948,11549,11299,11203,11150
361,11411,12767,12776,28787,14013,11618,11336,11225,11198
362,11667,13441,13433,28905,14008,11680,11390,11216,11222
363,11585,13464,13522,29055,14078,11736,11395,11258,11247
364,11758,12903,12892,29169,14256,11726,11420,11351,11327
365,11593,12887,12932,29382,14280,11768,11463,11317,11334
366,11902,13584,13540,29479,14210,11819,11559,11358,11326
367,11713,13571,13656,29980,14425,12072,11565,11485,11393
368,12191,13076,13093,29978,14587,12142,11711,11497,11480
369,11855,13271,13296,30183,14607,12140,11761,11578,11544
370,12140,14030,14008,30289,14542,12114,11778,11675,11571
371,11865,14004,14034,30515,14684,12246,11914,11661,11623
372,12188,13409,13375,30590,14776,12171,11890,11607,11623
373,11916,13412,13423,30785,14824,12207,11925,11653,11698
374,12192,14094,14114,30983,14772,12283,11931,11706,11665
375,12016,14137,14179,31078,14845,12287,11986,11686,11691
376,12202,13522,13535,31300,15028,12215,12065,11778,11747
377,12113,13723,13699,31466,15110,12447,12158,11797,11782
378,12223,14422,14429,31285,14908,12430,12041,11719,11705
379,12162,14404,14421,31515,15017,12337,12067,11790,11725
380,12360,13776,13736,31629,15187,12436,12080,11763,11780
381,12088,13770,13784,31830,15224,12465,12120,11801,11808
382,12417,14493,14478,31943,15206,12556,12156,11864,11892
383,12241,14522,14508,32087,15260,12535,12200,11890,11879
384,12451,13871,13916,32236,15405,12567,12237,11897,11883
385,12247,14169,14171,32438,15480,12578,12283,11942,11891
386,12456,14924,14898,32595,15441,12698,12301,11989,11952
387,12334,14953,14956,32714,15474,12658,12327,12056,12049
388,12572,14216,14239,32860,15642,12707,12361,12064,12041
389,12393,14262,14238,33015,15746,12725,12397,12104,12059
390,12627,15038,15009,33197,15652,12804,12432,12136,12098
391,12489,15065,15060,33315,15768,12839,12492,12194,12154
392,12796,14355,14419,33483,15922,12850,12507,12198,12159
393,12531,14626,14648,33691,15973,12863,12554,12231,12188
394,12832,15434,15426,33796,15884,12912,12637,12297,12243
395,12659,15460,15485,33996,15992,12954,12636,12300,12294
396,12873,14701,14708,34126,16125,13041,12658,12328,12331
397,12732,14778,14778,34300,16220,13055,12698,12387,12387
398,13036,15545,15551,34491,16175,13085,12780,12416,12410
399,12874,15557,15576,34651,16257,13108,12808,12433,12444
400,13004,14843,14875,34778,16378,13128,12842,12490,12472
401,12912,15103,15114,34968,16461,13166,12912,12524,12503
402,13009,15969,15978,35076,16431,13233,12925,12570,12514
403,12957,16016,15975,35232,16480,13225,12968,12603,12554
404,13192,15208,15184,35417,16643,13300,13034,12662,12647
405,13093,15251,15253,35548,16720,13352,13024,12696,12663
406,13258,16072,16060,35795,16689,13354,13089,12683,12681
407,13014,16130,16143,35894,16740,13409,13128,12713,12711
408,13306,15368,15328,36081,16892,13491,13178,12768,12761
409,13171,15602,15604,36278,16924,13466,13228,12836,12785
410,13425,16533,16557,36415,16901,13527,13264,12840,12824
411,13143,16561,16615,36565,17020,13576,13271,12903,12870
412,13393,15734,15739,36719,17188,13647,13359,12918,12889
413,13264,15760,15761,36899,17212,13697,13437,12920,12875
414,13682,16639,16654,37064,17215,13723,13472,12968,12947
415,13341,16645,16668,37260,17275,13770,13498,13026,12989
416,13644,15857,15861,37377,17404,13780,13563,13025,13042
417,13414,16111,16146,37590,17455,13832,13533,13054,13046
418,13818,17064,17096,37716,17431,13900,13614,13075,13108
419,13532,17172,17189,37900,17523,13890,13663,13141,13130
420,13741,16226,16236,38071,17666,13961,13689,13170,13148
421,13548,16285,16242,38228,17727,13936,13766,13230,13198
422,13878,17227,17262,38466,17705,13990,13759,13204,13214
423,13693,17302,17301,38567,17802,14049,13816,13298,13271
424,13840,16412,16402,38732,17963,14061,13897,13309,13236
425,13775,16643,16633,38956,17986,14140,13897,13346,13336
426,13965,17746,17725,39113,17979,14214,13977,13350,13350
427,13872,17803,17798,39235,18009,14202,14031,13421,13391
428,14070,16768,16759,39416,18229,14223,14046,13452,13399
429,13888,16786,16828,39613,18310,14270,14064,13486,13450
430,14090,17847,17832,39789,18269,14362,14167,13513,13499
431,13889,17900,17888,39905,18294,14385,14196,13535,13504
432,14275,16938,16917,40154,18442,14438,14243,13546,13505
433,13975,17248,17219,40318,18538,14490,14310,13594,13576
434,14267,18336,18345,40512,18533,14515,14290,13628,13598
435,14023,18393,18380,40657,18558,14528,14363,13671,13615
436,14270,17320,17364,40848,18754,14604,14437,13708,13688
437,14242,17330,17389,41018,18847,14628,14475,13686,13671
438,14423,18479,18495,41172,18814,14665,14490,13758,13742
439,14250,18533,18507,41376,18859,14696,14540,13750,13735
440,14460,17529,17485,41543,19032,14729,14619,13783,13793
441,14378,17787,17795,41715,19121,14813,14682,13848,13810
442,14588,18939,18949,41880,19073,14875,14710,13847,13824
443,14310,18948,19014,42111,19154,14919,14690,13905,13908
444,14835,17897,17982,42250,19302,14956,14808,13962,13870
445,14353,17944,17985,42425,19382,14944,14834,13959,13951
446,14699,19079,19075,42599,19367,15042,14874,13995,13964
447,14452,19126,19127,42760,19393,15079,14919,14011,13990
448,14838,18091,18085,42952,19613,15100,14940,14065,14045
449,14612,18429,18421,43062,19671,15164,14997,14068,14073
450,14836,19546,19529,43342,19613,15227,15012,14138,14151
451,14567,19548,19595,43481,19714,15214,15083,14155,14149
452,14913,18535,18505,43696,19861,15282,15126,14200,14155
453,14769,18557,18602,43833,19978,15275,15196,14226,14185
454,14965,19699,19738,44030,19908,15343,15218,14281,14263
455,14701,19713,19777,44257,20011,15369,15238,14281,14279
456,15066,18687,18732,44422,20200,15448,15307,14287,14329
457,14869,19012,19040,44600,20219,15457,15339,14366,14330
458,15289,20187,20151,44742,20196,15480,15401,14402,14325
459,14933,20230,20209,44974,20232,15545,15438,14437,14407
460,15191,19160,19176,45120,20501,15648,15469,14437,14444
461,15024,19204,19226,45344,20586,15614,15511,14504,14456
462,15249,20262,20331,45488,20563,15693,15570,14519,14482
463,15145,20330,20344,45721,20602,15711,15604,14550,14509
464,15373,19317,19275,45898,20794,15766,15628,14606,14606
465,15184,19576,19591,46061,20905,15836,15694,14604,14582
466,15403,20736,20793,46258,20860,15863,15696,14688,14660
467,15245,20788,20811,46478,20937,15889,15804,14697,14678
468,15462,19711,19737,46618,21135,15961,15823,14750,14709
469,15381,19766,19775,46805,21272,16002,15874,14772,14779
470,15441,20954,20947,46984,21214,16034,15946,14812,14766
471,15403,20954,20961,47164,21318,16088,15988,14869,14813
472,15677,19904,19921,47360,21515,16129,16049,14877,14832
473,15337,20152,20149,47531,21601,16150,16057,14906,14882
474,15706,21367,21382,47714,21540,16203,16116,14957,14914
475,15502,21398,21387,47885,21680,16260,16153,14966,14985
476,15730,20322,20310,48117,21894,16305,16188,14973,14954
477,15651,20376,20387,48299,21945,16329,16204,15053,14997
478,16034,21484,21479,48521,21970,16375,16311,15079,15037
479,15663,21545,21537,48698,22032,16430,16348,15090,15049
480,16150,20489,20452,48886,22260,16455,16369,15155,15101
481,15794,20765,20727,49109,22357,16515,16439,15194,15116
482,15974,21921,21961,49261,22295,16559,16496,15230,15198
483,15651,21935,21991,49371,22387,16615,16530,15243,15225
484,16017,20902,20914,49647,22630,16612,16574,15258,15243
485,15810,20904,20944,49833,22748,16663,16603,15319,15340
486,16047,22076,22138,50009,22649,16722,16671,15355,15353
487,15937,22087,22160,50268,22757,16778,16695,15369,15314
488,16217,21085,21088,50406,22981,16804,16779,15382,15335
489,16087,21259,21271,50635,23009,16859,16778,15479,15429
490,16269,22450,22484,50785,23014,16879,16869,15490,15414
491,16078,22473,22525,50986,23079,16923,16882,15537,15493
492,16420,21414,21429,51136,23313,16955,16959,15564,15545
493,16210,21434,21427,51376,23406,17008,16950,15600,15595
494,16412,22562,22594,51588,23406,17057,17022,15643,15608
495,16182,22611,22578,51770,23435,17125,17028,15604,15684
496,16500,21596,21598,51936,23662,17125,17078,15713,15632
497,16303,21764,21841,52215,23745,17222,17157,15743,15710
498,16674,23002,23029,52360,23697,17278,17181,15758,15727
499,16393,23071,23058,52571,23828,17275,17239,15784,15785
500,16550,21899,21917,52785,24038,17326,17269,15830,15813
