n,Find (Cache SIMD),Insert,Insert (Cache),Heap,Tournament Tree 2,State Machine (Compiled)
3,4,1,1,1,2,1
4,5,2,2,2,3,2
5,7,3,3,3,5,3
6,8,4,4,5,6,5
7,10,5,4,7,8,0
8,11,6,5,8,10,0
9,12,7,6,9,12,0
10,13,9,7,10,14,0
11,15,9,8,12,16,0
12,16,11,9,14,17,0
13,18,12,10,16,20,0
14,20,13,12,19,22,0
15,21,14,13,21,24,0
16,23,15,14,22,25,0
17,25,17,15,23,28,0
18,26,19,16,25,31,0
19,27,21,18,28,34,0
20,29,23,20,29,36,0
21,30,25,20,31,39,0
22,32,27,22,34,41,0
23,34,29,23,36,42,0
24,36,31,25,38,44,0
25,39,33,27,40,47,0
26,40,35,28,44,50,0
27,41,36,30,46,52,0
28,43,38,31,49,54,0
29,45,41,33,51,56,0
30,46,43,35,55,58,0
31,48,45,37,57,60,0
32,50,47,39,59,62,0
33,52,49,40,60,65,0
34,54,51,42,63,69,0
35,55,53,45,65,72,0
36,56,56,46,66,75,0
37,58,57,49,69,78,0
38,60,59,50,71,81,0
39,62,62,52,73,84,0
40,64,64,55,76,87,0
41,65,67,57,78,91,0
42,67,68,59,81,94,0
43,68,71,62,84,96,0
44,70,73,63,87,98,0
45,72,75,66,89,100,0
46,74,78,68,93,103,0
47,76,82,71,97,105,0
48,77,82,73,99,107,0
49,81,87,76,101,110,0
50,82,88,79,104,112,0
51,84,92,81,108,116,0
52,86,94,83,111,117,0
53,87,97,86,114,121,0
54,90,99,89,118,123,0
55,91,103,92,122,125,0
56,93,105,94,125,127,0
57,99,108,97,128,130,0
58,100,110,101,132,133,0
59,101,113,103,136,136,0
60,105,115,106,140,137,0
61,104,119,109,143,140,0
62,107,121,112,147,142,0
63,109,123,115,151,144,0
64,111,126,118,153,147,0
65,116,129,122,155,151,0
66,117,132,124,157,154,0
67,119,134,128,160,158,0
68,121,136,131,163,162,0
69,123,140,135,165,165,0
70,125,142,138,168,170,0
71,127,146,141,171,173,0
72,129,149,203,174,177,0
73,132,151,148,175,180,0
74,133,155,151,179,184,0
75,135,158,155,182,188,0
76,137,161,159,186,191,0
77,139,164,162,188,195,0
78,141,167,166,192,198,0
79,144,170,169,195,203,0
80,147,174,177,199,209,0
81,149,177,178,201,208,0
82,151,179,183,205,215,0
83,155,187,188,209,217,0
84,154,188,189,211,219,0
85,156,191,193,214,222,0
86,158,196,198,221,225,0
87,162,196,201,224,229,0
88,163,199,207,225,230,0
89,171,202,209,229,232,0
90,173,208,212,232,235,0
91,174,268,217,236,237,0
92,177,214,222,241,240,0
93,179,217,225,245,244,0
94,181,221,230,248,245,0
95,183,224,234,253,248,0
96,187,230,238,258,253,0
97,191,234,245,260,254,0
98,193,236,247,261,257,0
99,195,241,251,266,261,0
100,200,247,258,271,268,0
101,202,253,264,276,271,0
102,205,257,270,278,276,0
103,203,255,275,279,274,0
104,207,263,274,287,279,0
105,206,265,282,287,281,0
106,208,261,287,290,286,0
107,214,274,289,298,291,0
108,215,281,297,303,294,0
109,215,282,302,306,297,0
110,218,282,303,310,299,0
111,218,288,310,312,299,0
112,221,291,313,315,302,0
113,225,296,318,318,305,0
114,229,299,324,325,311,0
115,231,304,329,326,313,0
116,231,309,336,331,315,0
117,236,343,339,337,321,0
118,236,319,343,340,323,0
119,238,324,348,344,324,0
120,240,326,355,349,326,0
121,249,330,360,354,332,0
122,253,332,366,360,335,0
123,253,342,379,362,337,0
124,255,348,380,374,338,0
125,257,332,382,370,341,0
126,261,353,388,378,344,0
127,265,355,393,380,348,0
128,267,361,401,385,352,0
129,275,365,405,386,354,0
130,276,367,412,390,362,0
131,279,379,415,392,362,0
132,282,382,422,400,373,0
133,283,387,430,398,371,0
134,285,391,435,402,375,0
135,288,400,449,408,380,0
136,290,403,450,410,383,0
137,290,407,453,423,387,0
138,292,411,457,414,391,0
139,294,417,463,419,396,0
140,297,424,470,423,400,0
141,299,431,490,426,460,0
142,302,435,496,430,408,0
143,303,437,490,433,412,0
144,305,443,496,438,416,0
145,318,447,502,438,419,0
146,323,454,512,442,425,0
147,323,460,515,447,429,0
148,330,464,521,451,432,0
149,333,476,536,458,443,0
150,332,483,541,463,446,0
151,332,482,540,461,444,0
152,336,493,555,471,455,0
153,355,491,554,468,452,0
154,356,497,561,471,456,0
155,360,502,568,476,461,0
156,362,507,575,479,465,0
157,365,513,582,483,523,0
158,368,523,595,489,473,0
159,375,525,598,493,483,0
160,372,534,611,495,479,0
161,390,535,611,500,484,0
162,390,543,618,502,489,0
163,392,548,624,505,492,0
164,396,553,633,510,497,0
165,399,559,679,513,511,0
166,402,565,656,519,505,0
167,405,571,657,522,508,0
168,407,576,664,524,511,0
169,398,581,670,529,516,0
170,399,591,677,533,519,0
171,401,587,686,545,522,0
172,405,602,746,543,529,0
173,409,606,698,545,530,0
174,411,612,709,552,534,0
175,415,619,715,556,539,0
176,416,626,724,562,541,0
177,430,632,731,565,544,0
178,439,648,750,578,557,0
179,441,644,756,574,554,0
180,437,653,769,578,556,0
181,440,657,762,580,560,0
182,452,663,772,594,577,0
183,447,671,778,594,564,0
184,448,676,794,601,568,0
185,483,682,794,601,572,0
186,485,688,802,604,574,0
187,496,694,811,611,582,0
188,489,700,819,612,578,0
189,491,711,822,616,581,0
190,504,717,831,693,594,0
191,498,718,846,628,589,0
192,500,724,849,630,590,0
193,533,733,860,644,609,0
194,521,737,865,636,598,0
195,523,743,871,641,601,0
196,527,750,936,644,605,0
197,530,757,887,647,608,0
198,532,763,895,652,613,0
199,536,772,915,657,616,0
200,539,775,913,659,621,0
201,571,784,922,663,624,0
202,526,790,929,674,627,0
203,528,797,939,672,632,0
204,530,805,947,676,638,0
205,534,812,956,680,638,0
206,536,820,964,685,645,0
207,539,825,1038,691,647,0
208,545,832,989,695,651,0
209,557,841,997,701,661,0
210,558,858,1020,705,660,0
211,574,853,1009,706,670,0
212,563,834,1026,710,665,0
213,565,865,1028,715,668,0
214,570,875,1039,720,675,0
215,574,889,1051,726,677,0
216,636,890,1057,732,680,0
217,611,925,1072,748,692,0
218,615,908,1087,738,686,0
219,619,914,1081,744,689,0
220,621,918,1091,750,695,0
221,625,927,1109,754,698,0
222,630,939,1117,761,703,0
223,635,950,1124,773,708,0
224,632,963,1156,780,709,0
225,659,982,1164,792,725,0
226,655,976,1175,780,720,0
227,665,1000,1174,792,727,0
228,670,995,1203,796,736,0
229,677,959,1198,804,733,0
230,667,1010,1206,807,742,0
231,670,1033,1227,808,744,0
232,685,1029,1216,821,749,0
233,664,1028,1242,811,745,0
234,663,1033,1277,816,747,0
235,675,1046,1244,829,759,0
236,678,1062,1277,836,763,0
237,680,1069,1284,841,761,0
238,683,1124,1282,845,767,0
239,685,1076,1291,843,773,0
240,688,1083,1301,850,774,0
241,719,1092,1320,859,778,0
242,724,1104,1323,873,785,0
243,721,1109,1332,867,782,0
244,734,1126,1350,875,799,0
245,729,1127,1361,877,789,0
246,738,1143,1377,892,806,0
247,740,1155,1388,889,807,0
248,748,1157,1395,905,809,0
249,770,1172,1408,896,807,0
250,774,1222,1407,906,811,0
251,778,1180,1426,905,819,0
252,781,1184,1425,909,815,0
253,783,1189,1440,913,821,0
254,792,1211,1456,932,828,0
255,795,1218,1473,930,828,0
256,798,1226,1480,942,835,0
257,779,1240,1492,946,844,0
258,817,1227,1494,932,834,0
259,833,1236,1509,934,839,0
260,789,1246,1524,938,844,0
261,794,1254,1536,941,846,0
262,827,1263,1604,946,851,0
263,836,1272,1557,950,856,0
264,812,1279,1566,952,861,0
265,831,1290,1582,961,867,0
266,876,1298,1593,961,870,0
267,876,1308,1603,966,875,0
268,838,1317,1614,969,879,0
269,849,1325,1629,973,885,0
270,882,1335,1639,977,889,0
271,882,1344,1648,982,893,0
272,858,1404,1661,985,897,0
273,871,1362,1679,988,903,0
274,910,1372,1684,993,906,0
275,918,1382,1694,1065,912,0
276,881,1389,1710,1001,916,0
277,886,1399,1722,1005,921,0
278,921,1409,1734,1014,982,0
279,922,1419,1745,1014,929,0
280,897,1436,1757,1018,933,0
281,973,1440,1768,1023,940,0
282,961,1449,1780,1027,943,0
283,967,1458,1789,1034,946,0
284,920,1468,1803,1035,953,0
285,924,1478,1875,1041,956,0
286,963,1487,1828,1044,967,0
287,967,1498,1838,1051,967,0
288,939,1507,1861,1052,970,0
289,959,1473,1862,1038,971,0
290,1004,1457,1870,1007,973,0
291,1012,1443,1929,1011,976,0
292,960,1415,1893,1052,979,0
293,961,1386,1905,978,980,0
294,1001,1408,1916,988,985,0
295,1001,1405,1927,1042,988,0
296,967,1427,1939,1014,999,0
297,980,1455,1950,1036,1001,0
298,1037,1473,1963,1041,1054,0
299,1043,1484,1974,1046,1009,0
300,989,1495,1985,1053,1015,0
301,993,1500,2001,1055,1075,0
302,1037,1514,2013,1060,1027,0
303,1042,1524,2027,1066,1026,0
304,1011,1517,2039,1133,1031,0
305,1031,1544,2050,1073,1036,0
306,1087,1551,2062,1078,1039,0
307,1088,1616,2076,1082,1045,0
308,1040,1574,2089,1087,1048,0
309,1046,1583,2104,1092,1053,0
310,1090,1596,2169,1097,1058,0
311,1100,1604,2126,1103,1066,0
312,1059,1614,2142,1109,1065,0
313,1090,1625,2202,1110,1070,0
314,1140,1634,2166,1118,1075,0
315,1196,1644,2179,1121,1080,0
316,1096,1655,2194,1126,1084,0
317,1101,1665,2207,1132,1093,0
318,1145,1732,2220,1135,1094,0
319,1154,1686,2235,1193,1099,0
320,1116,1694,2244,1145,1102,0
321,1124,1705,2257,1148,1104,0
322,1174,1715,2272,1152,1110,0
323,1178,1723,2284,1156,1115,0
324,1175,1740,2301,1163,1119,0
325,1133,1749,2312,1165,1124,0
326,1182,1761,2325,1170,1129,0
327,1184,1759,2397,1176,1139,0
328,1149,1781,2353,1179,1137,0
329,1167,1793,2375,1238,1142,0
330,1219,1800,2379,1188,1147,0
331,1226,1809,2393,1206,1154,0
332,1174,1823,2435,1199,1161,0
333,1179,1835,2420,1206,1162,0
334,1222,1844,2432,1207,1224,0
335,1228,1855,2444,1213,1166,0
336,1193,1867,2459,1219,1172,0
337,1209,1856,2532,1221,1176,0
338,1258,1885,2486,1227,1181,0
339,1259,1896,2502,1233,1244,0
340,1218,1911,2514,1236,1188,0
341,1279,1922,2529,1240,1193,0
342,1265,1932,2541,1246,1197,0
343,1267,1942,2557,1251,1203,0
344,1234,2007,2570,1257,1204,0
345,1251,1966,2585,1260,1210,0
346,1302,1979,2596,1268,1272,0
347,1317,1988,2611,1272,1217,0
348,1260,2000,2626,1280,1221,0
349,1262,2011,2641,1283,1224,0
350,1306,2024,2655,1289,1229,0
351,1310,2094,2669,1295,1233,0
352,1278,2046,2682,1300,1240,0
353,1302,2057,2696,1306,1242,0
354,1348,2065,2712,1308,1247,0
355,1352,2078,2724,1313,1251,0
356,1306,2090,2739,1319,1256,0
357,1309,2102,2755,1323,1259,0
358,1356,2114,2814,1329,1262,0
359,1357,2125,2781,1334,1266,0
360,1323,2182,2798,1340,1269,0
361,1347,2150,2814,1349,1275,0
362,1400,2161,2826,1415,1280,0
363,1405,2172,2841,1355,1284,0
364,1405,2186,2860,1362,1291,0
365,1383,2198,2870,1364,1291,0
366,1404,2207,2920,1370,1295,0
367,1408,2221,2900,1377,1299,0
368,1373,2230,2917,1383,1303,0
369,1389,2242,2987,1386,1307,0
370,1446,2254,2944,1391,1315,0
371,1451,2322,2959,1396,1314,0
372,1397,2276,2975,1405,1319,0
373,1399,2304,2989,1429,1323,0
374,1455,2306,3004,1413,1331,0
375,1458,2319,3019,1477,1335,0
376,1416,2330,3036,1424,1338,0
377,1435,2344,3050,1430,1385,0
378,1498,2209,3068,1441,1346,0
379,1556,2367,3080,1443,1349,0
380,1440,2336,3098,1447,1353,0
381,1445,2392,3111,1452,1408,0
382,1503,2405,3126,1458,1361,0
383,1505,2419,3142,1464,1409,0
384,1461,2433,3160,1468,1366,0
385,1539,2442,3174,1473,1373,0
386,1551,2461,3187,1475,1378,0
387,1554,2453,3205,1483,1440,0
388,1489,2481,3220,1486,1390,0
389,1492,2495,3243,1544,1391,0
390,1560,2508,3251,1502,1397,0
391,1563,2575,3270,1501,1400,0
392,1507,2534,3283,1507,1403,0
393,1530,2606,3297,1510,1407,0
394,1609,2563,3314,1516,1410,0
395,1612,2573,3373,1521,1413,0
396,1538,2575,3348,1527,1418,0
397,1543,2596,3414,1532,1421,0
398,1614,2613,3380,1549,1448,0
399,1619,2627,3394,1541,1434,0
400,1556,2641,3411,1547,1437,0
401,1589,2653,3425,1551,1441,0
402,1731,2665,3441,1556,1445,0
403,1675,2679,3457,1561,1449,0
404,1596,2692,3475,1616,1452,0
405,1601,2705,3491,1574,1455,0
406,1678,2775,3507,1578,1466,0
407,1687,2708,3542,1591,1467,0
408,1616,2745,3538,1589,1472,0
409,1640,2760,3556,1596,1473,0
410,1735,2775,3574,1597,1479,0
411,1738,2789,3589,1604,1480,0
412,1647,2778,3609,1610,1487,0
413,1654,2813,3683,1616,1489,0
414,1798,2828,3640,1622,1493,0
415,1742,2843,3654,1626,1502,0
416,1671,2860,3674,1683,1505,0
417,1692,2871,3696,1636,1505,0
418,1790,2895,3705,1653,1516,0
419,1796,2898,3721,1647,1517,0
420,1699,2911,3740,1709,1517,0
421,1707,2926,3757,1658,1522,0
422,1797,2949,3773,1663,1527,0
423,1802,2955,3794,1683,1531,0
424,1719,2969,3808,1674,1535,0
425,1751,2951,3824,1680,1577,0
426,1854,3005,3841,1685,1542,0
427,1857,3011,3918,1693,1549,0
428,1759,3026,3875,1698,1551,0
429,1761,3040,3892,1713,1558,0
430,1854,3111,3914,1709,1563,0
431,1860,3073,3926,1716,1569,0
432,1777,3081,4005,1721,1570,0
433,1881,3099,3963,1728,1574,0
434,1913,3113,3981,1739,1578,0
435,1918,3129,3997,1740,1584,0
436,1822,3148,4016,1744,1585,0
437,1826,3157,4087,1749,1588,0
438,1979,3170,4050,1758,1597,0
439,1927,3191,4068,1762,1599,0
440,1842,3191,4087,1768,1602,0
441,1872,3218,4104,1773,1604,0
442,1972,3233,4118,1779,1610,0
443,1982,3305,4139,1790,1614,0
444,1881,3262,4161,1792,1616,0
445,1887,3278,4174,1798,1619,0
446,1976,3294,4190,1851,1628,0
447,1981,3302,4209,1813,1632,0
448,1901,3326,4285,1815,1633,0
449,1976,3397,4246,1820,1641,0
450,2084,3358,4260,1825,1641,0
451,2092,3371,4332,1830,1650,0
452,1984,3390,4298,1874,1649,0
453,1988,3405,4320,1842,1653,0
454,2097,3419,4392,1847,1660,0
455,2103,3434,4352,1911,1661,0
456,2005,3450,4375,1859,1665,0
457,2061,3467,4390,1864,1673,0
458,2171,3496,4406,1889,1680,0
459,2230,3498,4430,1875,1683,0
460,2072,3519,4463,1880,1688,0
461,2078,3538,4473,1889,1688,0
462,2176,3551,4489,1893,1693,0
463,2182,3562,4505,1900,1756,0
464,2093,3620,4520,1921,1703,0
465,2128,3612,4540,1927,1707,0
466,2236,3609,4555,1916,1710,0
467,2238,3686,4574,1922,1715,0
468,2195,3610,4599,1928,1718,0
469,2141,3648,4610,1937,1718,0
470,2244,3733,4632,1938,1723,0
471,2249,3681,4649,1999,1729,0
472,2156,3690,4671,1952,1732,0
473,2138,3724,4713,1957,1739,0
474,2249,3801,4707,1964,1739,0
475,2258,3755,4728,1973,1772,0
476,2156,3774,4749,1977,1747,0
477,2156,3786,4804,1982,1756,0
478,2248,3867,4786,1995,1757,0
479,2300,3825,4803,1997,1759,0
480,2174,3835,4819,2003,1762,0
481,2129,3853,4871,2006,1770,0
482,2227,3916,4858,2013,1775,0
483,2284,3884,4884,2018,1775,0
484,2141,3904,4900,2025,1780,0
485,2146,3922,4971,2029,1789,0
486,2229,3925,4935,2035,1792,0
487,2235,3952,4956,2048,1811,0
488,2160,3970,4976,2048,1800,0
489,2178,3981,4990,2052,1800,0
490,2312,3996,5015,2059,1805,0
491,2288,4019,5031,2065,1812,0
492,2191,4036,5112,2072,1813,0
493,2194,4108,5075,2077,1815,0
494,2338,4076,5104,2085,1824,0
495,2283,4088,5112,2089,1830,0
496,2209,4105,5199,2096,1829,0
497,2232,4173,5155,2103,1833,0
498,2334,4126,5174,2111,1899,0
499,2339,4140,5191,2112,1844,0
500,2244,4175,5272,2119,1849,0
501,2253,4206,5236,2124,1854,0
502,2336,4187,5252,2185,1857,0
503,2393,4227,5273,2137,1858,0
504,2262,4248,5295,2142,1864,0
505,2292,4211,5365,2148,1867,0
506,2403,4292,5330,2154,1874,0
507,2409,4296,5355,2184,1875,0
508,2361,4317,5374,2166,1882,0
509,2307,4334,5396,2175,1883,0
510,2397,4351,5462,2180,1886,0
511,2400,4411,5439,2186,1894,0
512,2322,4387,5456,2191,1955,0
513,2471,4409,5477,2194,1900,0
514,2525,4428,5496,2199,1909,0
515,2527,4403,5576,2204,1911,0
516,2411,4508,5543,2250,1922,0
517,2429,4538,5556,2213,1921,0
518,2513,4497,5584,2219,1987,0
519,2574,4519,5601,2226,1930,0
520,2427,4534,5624,2231,1939,0
521,2405,4552,5705,2232,1940,0
522,2524,4570,5724,2237,1943,0
523,2525,4648,5685,2242,1949,0
524,2411,4611,5706,2260,1961,0
525,2413,4624,5721,2254,1963,0
526,2515,4641,5747,2257,1962,0
527,2519,4668,5768,2322,1968,0
528,2436,4678,5794,2326,1970,0
529,2506,4694,5820,2272,1982,0
530,2607,4721,5839,2277,1982,0
531,2572,4758,5850,2283,1986,0
532,2456,4757,5873,2286,1991,0
533,2458,4777,5901,2292,1996,0
534,2572,4820,5926,2296,2005,0
535,2576,4815,5947,2358,2005,0
536,2477,4836,5963,2309,2016,0
537,2554,4854,5985,2311,2021,0
538,2638,4868,6002,2315,2019,0
539,2642,4887,6031,2322,2031,0
540,2516,4909,6115,2376,2038,0
541,2518,4925,6075,2386,2042,0
542,2702,4945,6090,2338,2044,0
543,2687,4963,6109,2342,2043,0
544,2532,4989,6134,2347,2053,0
545,2558,5004,6152,2350,2052,0
546,2696,5023,6200,2355,2063,0
547,2704,5041,6218,2360,2085,0
548,2577,5060,6216,2366,2071,0
549,2629,5079,6240,2368,2078,0
550,2703,5092,6271,2374,2078,0
551,2705,5109,6285,2380,2084,0
552,2589,5141,6312,2385,2090,0
553,2624,5154,6356,2404,2097,0
554,2765,5133,6413,2396,2101,0
555,2767,5201,6426,2401,2106,0
556,2634,5218,6436,2405,2111,0
557,2654,5240,6467,2412,2115,0
558,2765,5258,6489,2417,2119,0
559,2772,5326,6471,2422,2119,0
560,2652,5325,6484,2427,2127,0
561,2685,5368,6508,2432,2128,0
562,2830,5312,6529,2435,2138,0
563,2830,5410,6552,2459,2142,0
564,2710,5185,6578,2507,2143,0
565,2702,5398,6601,2511,2148,0
566,2833,5418,6616,2515,2151,0
567,2841,5413,6648,2461,2168,0
568,2722,5430,6665,2480,2225,0
569,2809,5469,6687,2471,2173,0
570,2955,5503,6720,2478,2182,0
571,2958,5519,6746,2487,2181,0
572,2826,5470,6788,2489,2187,0
573,2815,5564,6780,2494,2185,0
574,2907,5569,6802,2499,2201,0
575,2902,5598,6828,2504,2199,0
576,2784,5620,6855,2508,2200,0
577,2813,5642,6884,2513,2203,0
578,2960,5663,6894,2517,2211,0
579,2965,5681,6917,2522,2212,0
580,2826,5702,6945,2525,2220,0
581,2834,5718,7021,2532,2223,0
582,2965,5746,7040,2538,2226,0
583,2970,5761,7027,2542,2231,0
584,2851,5781,7060,2552,2240,0
585,2885,5804,7069,2551,2245,0
586,3030,5830,7141,2556,2250,0
587,3037,5845,7102,2562,2256,0
588,2953,5866,7132,2565,2254,0
589,2940,5958,7160,2592,2260,0
590,3033,5905,7172,2575,2328,0
591,3040,5935,7192,2582,2326,0
592,2915,5947,7219,2648,2276,0
593,2942,5959,7251,2646,2277,0
594,3101,5993,7278,2606,2282,0
595,3104,6013,7300,2662,2290,0
596,2961,6035,7313,2666,2295,0
597,2967,6068,7336,2624,2297,0
598,3106,6091,7370,2617,2304,0
599,3110,6144,7405,2632,2305,0
600,2983,5983,7438,2628,2314,0
601,3014,6137,7496,2635,2321,0
602,3171,6140,7524,2639,2322,0
603,3175,6194,7548,2649,2329,0
604,3021,6208,7567,2653,2328,0
605,3037,6227,7559,2659,2334,0
606,3237,6254,7555,2662,2338,0
607,3183,6273,7591,2671,2395,0
608,3048,6293,7601,2728,2347,0
609,3081,6313,7630,2729,2354,0
610,3238,6379,7645,2683,2352,0
611,3299,6325,7669,2689,2366,0
612,3088,6385,7699,2703,2416,0
613,3090,6410,7731,2704,2417,0
614,3243,6430,7751,2722,2375,0
615,3252,6464,7771,2711,2380,0
616,3112,6469,7793,2716,2387,0
617,3141,6488,7851,2722,2385,0
618,3308,6515,7907,2732,2389,0
619,3315,6523,7923,2731,2393,0
620,3211,6539,7894,2736,2398,0
621,3161,6565,7917,2742,2447,0
622,3320,6602,7943,2802,2414,0
623,3322,6581,7967,2811,2411,0
624,3183,6702,7996,2759,2416,0
625,3218,6667,8063,2765,2427,0
626,3380,6698,8101,2772,2427,0
627,3438,6696,8130,2776,2431,0
628,3228,6744,8090,2782,2440,0
629,3231,6760,8129,2849,2447,0
630,3388,6843,8142,2793,2444,0
631,3394,6830,8176,2799,2447,0
632,3256,6829,8259,2805,2457,0
633,3282,6852,8290,2809,2455,0
634,3455,6881,8246,2816,2473,0
635,3464,6958,8268,2820,2466,0
636,3308,6839,8302,2828,2471,0
637,3310,6923,8374,2835,2478,0
638,3462,6973,8399,2841,2476,0
639,3521,6988,8433,2846,2485,0
640,3318,7009,8396,2850,2546,0
641,3355,7079,8429,2855,2490,0
642,3530,6960,8510,2858,2502,0
643,3533,7080,8537,2865,2506,0
644,3409,6989,8534,2869,2505,0
645,3374,7136,8525,2931,2513,0
646,3540,7205,8555,2882,2519,0
647,3541,7173,8625,2885,2525,0
648,3391,7197,8663,2892,2523,0
649,3485,7226,8628,2895,2529,0
650,3605,7185,8657,2958,2534,0
651,3616,7293,8687,2907,2539,0
652,3441,7289,8757,2911,2548,0
653,3502,7313,8765,2917,2555,0
654,3611,7341,8753,2921,2604,0
655,3616,7418,8782,2930,2561,0
656,3463,7433,8802,2938,2572,0
657,3510,7405,8884,2940,2574,0
658,3679,7436,8859,2988,2626,0
659,3690,7454,8894,2970,2604,0
660,3510,7481,8973,2956,2581,0
661,3522,7509,8997,2961,2584,0
662,3687,7531,8963,2969,2650,0
663,3692,7492,8998,2980,2599,0
664,3539,7614,9022,2978,2599,0
665,3625,7603,9105,2983,2604,0
666,3759,7627,9082,2990,2663,0
667,3768,7715,9099,2995,2612,0
668,3582,7673,9185,3003,2617,0
669,3650,7695,9226,3009,2627,0
670,3761,7786,9182,3015,2628,0
671,3767,7739,9267,3019,2634,0
672,3632,7773,9242,3041,2637,0
673,3646,7852,9264,3031,2645,0
674,3841,7866,9286,3042,2647,0
675,3897,7812,9361,3044,2654,0
676,3659,7870,9349,3101,2667,0
677,3668,7849,9367,3052,2665,0
678,3843,7803,9459,3060,2669,0
679,3848,7950,9416,3063,2720,0
680,3678,8016,9448,3068,2672,0
681,3739,8002,9476,3076,2679,0
682,3963,8012,9553,3080,2688,0
683,3918,8035,9534,3142,2688,0
684,3739,8022,9568,3092,2696,0
685,3802,8092,9636,3100,2702,0
686,3919,8117,9609,3157,2705,0
687,3929,8148,9636,3112,2711,0
688,3758,8165,9719,3121,2710,0
689,3787,8195,9700,3155,2719,0
690,3990,8243,9721,3129,2718,0
691,4049,8056,9808,3136,2727,0
692,3814,8270,9777,3157,2736,0
693,3814,8293,9859,3150,2737,0
694,4001,8313,9877,3156,2749,0
695,4003,8401,9852,3160,2747,0
696,3832,8371,9891,3166,2751,0
697,3866,8397,9917,3229,2754,0
698,4078,8453,9945,3179,2765,0
699,4129,8426,10022,3187,2761,0
700,3878,8351,9995,3191,2763,0
701,3889,8480,10073,3201,2772,0
702,4077,8509,10058,3213,2835,0
703,4083,8579,10082,3211,2784,0
704,3954,8541,10164,3219,2781,0
705,3942,8622,10137,3224,2786,0
706,4166,8668,10172,3227,2794,0
707,4163,8647,10253,3233,2842,0
708,3956,8711,10219,3238,2854,0
709,3963,8699,10251,3244,2804,0
710,4218,8722,10327,3249,2809,0
711,4170,8751,10306,3271,2824,0
712,3986,8742,10344,3263,2818,0
713,4021,8811,10359,3269,2876,0
714,4244,8859,10397,3274,2833,0
715,4252,8909,10472,3280,2833,0
716,4107,8870,10479,3290,2841,0
717,4047,8947,10473,3294,2848,0
718,4302,8887,10562,3311,2847,0
719,4256,8991,10524,3307,2854,0
720,4123,8979,10592,3310,2859,0
721,4107,9129,10602,3358,2857,0
722,4337,9035,10657,3321,2867,0
723,4363,9080,10647,3328,2871,0
724,4120,9085,10673,3333,2879,0
725,4121,9112,10770,3369,2883,0
726,4343,9137,10739,3406,2879,0
727,4343,9167,10764,3354,2890,0
728,4143,9194,10834,3359,2958,0
729,4175,9179,10815,3385,2899,0
730,4409,9252,10894,3371,2907,0
731,4431,9295,10870,3378,2906,0
732,4191,9299,10956,3387,2922,0
733,4196,9250,10925,3397,2912,0
734,4427,9406,10960,3400,2916,0
735,4429,9374,10994,3455,2920,0
736,4222,9406,11080,3410,2934,0
737,4250,9420,11111,3474,2929,0
738,4506,9399,11112,3423,2933,0
739,4514,9516,11114,3426,2944,0
740,4286,9514,11193,3435,2943,0
741,4288,9595,11163,3438,2953,0
742,4564,9498,11240,3447,2958,0
743,4519,9622,11222,3453,2956,0
744,4334,9631,11303,3457,2968,0
745,4327,9620,11283,3470,2967,0
746,4592,9666,11371,3469,3031,0
747,4603,9698,11350,3477,2980,0
748,4359,9664,11426,3554,2986,0
749,4414,9764,11452,3492,2988,0
750,4600,9829,11430,3495,2986,0
751,4655,9816,11524,3502,2998,0
752,4374,9881,11493,3507,2997,0
753,4416,9875,11590,3515,3067,0
754,4675,9949,11549,3522,3014,0
755,4682,9920,11580,3559,3014,0
756,4489,9955,11661,3533,3020,0
757,4436,10028,11639,3538,3019,0
758,4680,10010,11729,3553,3030,0
759,4694,9953,11743,3555,3031,0
760,4470,10074,11728,3560,3043,0
761,4564,10096,11826,3566,3046,0
762,4770,10172,11799,3573,3045,0
763,4774,10137,11879,3582,3050,0
764,4549,10168,11904,3584,3050,0
765,4528,10180,11893,3591,3057,0
766,4768,10234,11973,3654,3065,0
767,4833,10139,11944,3609,3068,0
768,4543,10314,11992,3611,3073,0
769,4575,10309,12024,3615,3133,0
770,4854,10409,12051,3624,3083,0
771,4857,10368,12119,3683,3081,0
772,4654,10390,12153,3630,3084,0
773,4605,10481,12130,3639,3092,0
774,4857,10453,12206,3705,3107,0
775,4863,10432,12195,3649,3104,0
776,4620,10561,12220,3653,3108,0
777,4658,10532,12301,3714,3111,0
778,4942,10561,12344,3665,3168,0
779,4955,10643,12311,3672,3116,0
780,4682,10665,12352,3675,3125,0
781,4681,10509,12433,3686,3188,0
782,4935,10600,12396,3688,3143,0
783,4953,10743,12436,3694,3136,0
784,4709,10737,12469,3701,3139,0
785,4794,10748,12545,3702,3142,0
786,5038,10781,12529,3710,3154,0
787,5047,10868,12555,3715,3152,0
788,4755,10860,12661,3749,3156,0
789,4835,10785,12681,3729,3164,0
790,5045,10962,12657,3732,3172,0
791,5049,10998,12694,3749,3177,0
792,4787,10962,12758,3744,3229,0
793,4897,11004,12812,3752,3184,0
794,5136,11078,12778,3755,3189,0
795,5143,11039,12846,3811,3190,0
796,4906,11076,12875,3769,3196,0
797,4858,11048,12881,3773,3202,0
798,5135,11138,12915,3779,3204,0
799,5160,11136,12969,3841,3205,0
800,4876,11200,13032,3791,3274,0
801,4976,11279,13009,3801,3221,0
802,5227,11226,13024,3799,3220,0
803,5227,11345,13126,3812,3225,0
804,4942,11323,13148,3839,3233,0
805,4985,11341,13187,3818,3234,0
806,5295,11319,13171,3834,3238,0
807,5249,11433,13201,3837,3249,0
808,4979,11368,13283,3864,3251,0
809,5007,11475,13311,3900,3252,0
810,5383,11391,13350,3852,3262,0
811,5386,11550,13324,3861,3275,0
812,5028,11606,13367,3860,3270,0
813,5029,11651,13420,3878,3269,0
814,5371,11662,13477,3873,3278,0
815,5330,11681,13456,3879,3281,0
816,5050,11658,13539,3888,3290,0
817,5092,11706,13572,3952,3287,0
818,5472,11732,13610,3895,3296,0
819,5471,11823,13581,3904,3295,0
820,5112,11848,13612,3907,3302,0
821,5114,11842,13719,3913,3305,0
822,5424,11855,13694,3986,3309,0
823,5425,11879,13748,3955,3315,0
824,5136,11910,13802,3932,3345,0
825,5232,11964,13778,3941,3328,0
826,5568,12015,13811,3955,3332,0
827,5512,12043,13850,3953,3338,0
828,5191,11960,13933,3960,3340,0
829,5214,12063,13958,4027,3339,0
830,5500,12099,13981,4031,3350,0
831,5508,12126,14034,3979,3402,0
832,5218,12159,14070,3985,3414,0
833,5309,12174,14043,3991,3360,0
834,5650,12017,14081,3995,3367,0
835,5599,12241,14100,4003,3368,0
836,5277,12337,14139,4006,3375,0
837,5286,12348,14215,4016,3376,0
838,5601,12383,14256,4018,3384,0
839,5603,12375,14265,4079,3386,0
840,5308,12331,14344,4082,3390,0
841,5348,12446,14375,4037,3435,0
842,5687,12325,14361,4043,3407,0
843,5750,12493,14364,4049,3403,0
844,5416,12581,14415,4063,3407,0
845,5374,12484,14432,4067,3418,0
846,5688,12531,14468,4070,3426,0
847,5689,12671,14510,4076,3428,0
848,5390,12691,14584,4080,3427,0
849,5443,12645,14595,4089,3434,0
850,5780,12746,14657,4094,3440,0
851,5786,12813,14671,4100,3443,0
852,5460,12829,14735,4103,3446,0
853,5470,12858,14740,4111,3448,0
854,5785,12899,14788,4119,3454,0
855,5795,12932,14813,4125,3457,0
856,5503,12856,14857,4129,3467,0
857,5532,12983,14834,4139,3468,0
858,5877,13010,14932,4144,3468,0
859,5886,12994,14958,4167,3479,0
860,5561,13034,14988,4194,3480,0
861,5561,13064,15011,4224,3482,0
862,5882,13091,15064,4192,3491,0
863,5887,13127,15101,4246,3497,0
864,5582,13154,15132,4248,3499,0
865,5632,13171,15168,4233,3514,0
866,6005,13221,15149,4258,3505,0
867,5987,13227,15179,4205,3513,0
868,5705,13203,15223,4211,3518,0
869,5645,13234,15256,4218,3573,0
870,5977,13332,15338,4224,3581,0
871,5988,13354,15387,4231,3566,0
872,5665,13415,15416,4236,3591,0
873,5723,13436,15393,4281,3540,0
874,6123,13511,15493,4255,3552,0
875,6134,13564,15461,4264,3550,0
876,5736,13489,15539,4271,3610,0
877,5737,13569,15562,4273,3592,0
878,6078,13615,15626,4312,3565,0
879,6084,13641,15634,4338,3571,0
880,5765,13691,15681,4305,3572,0
881,5807,13674,15721,4301,3574,0
882,6166,13681,15752,4309,3577,0
883,6171,13809,15800,4316,3589,0
884,5867,13799,15774,4320,3591,0
885,5885,13775,15801,4326,3593,0
886,6171,13774,15838,4334,3646,0
887,6181,13829,15926,4344,3663,0
888,5853,13765,15947,4402,3605,0
889,5903,14025,16007,4354,3612,0
890,6265,14005,16010,4365,3617,0
891,6276,13947,16039,4383,3629,0
892,5920,14035,16060,4429,3625,0
893,5927,14155,16114,4383,3632,0
894,6268,14173,16178,4390,3632,0
895,6273,14135,16195,4400,3638,0
896,5946,14242,16232,4404,3642,0
897,6047,14215,16225,4411,3648,0
898,6414,14242,16273,4418,3646,0
899,6362,14301,16353,4470,3654,0
900,6010,14362,16396,4428,3661,0
901,6018,14381,16426,4457,3659,0
902,6472,14355,16398,4438,3688,0
903,6436,14481,16447,4448,3673,0
904,6056,14358,16514,4450,3735,0
905,6089,14495,16562,4521,3683,0
906,6464,14514,16607,4468,3693,0
907,6468,14480,16615,4472,3688,0
908,6106,14634,16665,4475,3700,0
909,6166,14631,16661,4485,3704,0
910,6468,14729,16698,4490,3761,0
911,6479,14685,16773,4556,3706,0
912,6134,14804,16825,4502,3712,0
913,6235,14817,16807,4506,3718,0
914,6565,14767,16898,4512,3773,0
915,6575,14838,16932,4583,3729,0
916,6200,14887,16958,4531,3733,0
917,6246,14906,16949,4536,3732,0
918,6633,14978,16993,4546,3743,0
919,6633,14834,17038,4547,3750,0
920,6230,14995,17114,4550,3808,0
921,6282,15032,17113,4613,3759,0
922,6664,15134,17174,4562,3756,0
923,6705,15101,17157,4571,3764,0
924,6304,15175,17208,4578,3766,0
925,6301,15102,17279,4627,3773,0
926,6666,15229,17334,4610,3780,0
927,6698,15299,17312,4605,3785,0
928,6328,15220,17376,4606,3839,0
929,6368,15343,17450,4615,3795,0
930,6813,15365,17470,4621,3793,0
931,6771,15368,17455,4625,3856,0
932,6393,15395,17548,4658,3805,0
933,6393,15483,17583,4697,3808,0
934,6772,15524,17628,4644,3809,0
935,6837,15529,17632,4656,3819,0
936,6416,15532,17667,4659,3823,0
937,6463,15560,17730,4664,3828,0
938,6917,15606,17706,4673,3829,0
939,6880,15655,17810,4739,3838,0
940,6485,15728,17847,4701,3842,0
941,6485,15756,17827,4690,3885,0
942,6874,15768,17932,4758,3848,0
943,6926,15825,17930,4708,3855,0
944,6525,15883,17940,4713,3896,0
945,6562,15853,18032,4780,3864,0
946,7023,15835,18079,4728,3864,0
947,6967,15873,18042,4735,3930,0
948,6583,15924,18137,4756,3878,0
949,6642,15940,18184,4749,3882,0
950,6979,16050,18226,4807,3892,0
951,6988,16120,18278,4766,3892,0
952,6671,16158,18231,4774,3900,0
953,6660,16140,18328,4814,3901,0
954,7137,16210,18375,4786,3907,0
955,7081,16210,18399,4856,3905,0
956,6722,16297,18446,4802,3911,0
957,6689,16270,18423,4809,3963,0
958,7080,16371,18538,4814,3921,0
959,7083,16233,18511,4823,3978,0
960,6710,16438,18592,4833,3930,0
961,6770,16436,18599,4863,3997,0
962,7194,16533,18678,4849,3947,0
963,7189,16526,18645,4848,3999,0
964,6776,16529,18734,4854,4008,0
965,6788,16608,18786,4862,3954,0
966,7187,16465,18784,4870,3976,0
967,7198,16679,18865,4874,3963,0
968,6869,16687,18848,4879,3969,0
969,6873,16715,18933,4943,3973,0
970,7346,16695,18964,4903,3978,0
971,7299,16749,19008,4957,3978,0
972,6945,16863,19054,4917,3987,0
973,6890,16842,19161,4964,3992,0
974,7291,16898,19150,4924,3995,0
975,7298,16928,19117,4981,4001,0
976,6908,16949,19286,5013,4005,0
977,7014,16979,19261,4944,4010,0
978,7388,17025,19302,4951,4011,0
979,7397,16907,19331,4956,4053,0
980,6977,16974,19333,4964,4018,0
981,6983,17138,19344,4970,4080,0
982,7398,17140,19423,4979,4033,0
983,7403,17208,19464,4987,4089,0
984,7059,17300,19485,4994,4037,0
985,7069,17291,19513,5037,4043,0
986,7557,17310,19613,5022,4053,0
987,7509,17353,19636,5062,4066,0
988,7105,17143,19666,5026,4058,0
989,7087,17403,19716,5030,4061,0
990,7496,17479,19752,5044,4123,0
991,7516,17563,19791,5046,4068,0
992,7157,17548,19769,5087,4078,0
993,7168,17581,19876,5113,4078,0
994,7658,17645,19915,5066,4085,0
995,7610,17657,19922,5072,4089,0
996,7178,17591,19927,5079,4153,0
997,7252,17689,20025,5095,4102,0
998,7618,17761,20086,5158,4104,0
999,7684,17790,20059,5102,4112,0
1000,7218,17879,20108,5112,4170,0
