n,Find 1,Insert 1,Find 2,Insert 2,Find 3,Insert 3,Find 4,Insert 4,Find 5,Insert 5,Find 6,Insert 6,Find 7,Insert 7,Find 8,Insert 8,Find 9,Insert 9,Find 10,Insert 10,Find 11,Insert 11,Find 12,Insert 12,Find 13,Insert 13,Find 14,Insert 14,Find 15,Insert 15,Find 16,Insert 16,Find 17,Insert 17,Find 18,Insert 18,Find 19,Insert 19,Find 20,Insert 20
3,399,169,399,169,399,169,392,169,392,169,392,169,391,169,398,169,399,172,391,169,394,169,392,171,392,169,392,169,392,168,449,169,392,169,392,169,400,169,399,171
4,545,250,545,250,545,250,545,250,547,251,545,250,545,250,545,251,545,251,545,250,545,250,545,250,545,250,545,251,545,250,547,250,545,250,545,250,545,250,554,260
5,698,329,696,329,733,329,696,331,696,330,696,332,696,330,696,330,696,331,696,331,696,330,696,330,695,330,696,329,696,330,696,330,696,329,695,330,750,329,708,349
6,862,430,862,428,862,427,844,430,844,428,844,431,844,428,862,430,861,430,843,430,843,433,844,428,844,428,844,431,843,431,845,429,844,431,843,429,862,428,855,431
7,1030,522,1030,523,1031,520,1011,520,1011,520,1010,521,1010,522,1043,519,1032,522,1009,519,1010,521,1011,520,1010,521,1013,519,1011,519,1011,520,1011,521,1011,519,1031,519,1018,526
8,1271,660,1271,658,1271,658,1248,659,1246,666,1247,663,1247,659,1271,660,1272,654,1307,646,1247,654,1245,664,1246,666,1247,660,1247,658,1248,661,1248,651,1248,651,1271,662,1271,660
9,1383,752,1383,752,1382,747,1382,751,1384,753,1383,752,1384,748,1385,752,1383,750,1384,754,1384,750,1384,748,1383,750,1384,745,1384,752,1384,752,1383,748,1383,749,1384,751,1408,757
10,1519,883,1518,879,1519,887,1519,882,1518,887,1520,885,1519,874,1522,878,1519,881,1519,882,1519,879,1520,876,1519,882,1518,887,1518,884,1518,940,1518,881,1518,879,1518,879,1544,891
11,1688,975,1687,967,1687,966,1687,981,1688,969,1688,1018,1687,971,1687,969,1688,963,1687,969,1687,977,1688,967,1687,967,1687,971,1686,971,1687,979,1687,975,1687,974,1687,1026,1754,990
12,1852,1103,1852,1098,1852,1109,1853,1105,1851,1155,1855,1101,1852,1110,1912,1107,1852,1111,1853,1099,1853,1108,1906,1100,1854,1098,1853,1101,1852,1097,1854,1105,1852,1096,1858,1096,1852,1106,1877,1108
13,2024,1341,2022,1341,2025,1341,2024,1341,2024,1340,2024,1340,2025,1341,2024,1341,2024,1341,2025,1341,2073,1341,2025,1340,2024,1340,2024,1340,2025,1401,2025,1343,2024,1347,2024,1341,2024,1340,2047,1366
14,2203,1524,2202,1523,2202,1573,2204,1523,2205,1522,2202,1524,2201,1524,2202,1528,2203,1523,2203,1523,2203,1523,2202,1522,2203,1523,2202,1529,2203,1522,2202,1523,2203,1523,2202,1524,2262,1523,2229,1543
15,2398,1736,2398,1757,2398,1736,2398,1737,2398,1789,2397,1736,2450,1736,2447,1737,2400,1737,2398,1737,2398,1736,2454,1737,2397,1736,2398,1747,2401,1737,2397,1741,2398,1735,2437,1762,2398,1738,2428,1754
16,2638,1936,2636,1938,2638,1935,2637,1936,2637,1935,2637,1938,2638,1937,2638,1938,2638,1939,2638,1936,2696,1940,2638,1938,2637,1938,2638,1992,2638,1992,2638,1938,2639,1938,2639,1939,2638,1937,2691,1976
17,2616,2144,2616,2141,2616,2144,2616,2142,2617,2141,2621,2199,2614,2142,2616,2141,2617,2141,2617,2143,2618,2142,2617,2143,2616,2144,2617,2141,2616,2145,2617,2142,2616,2143,2615,2142,2621,2191,2671,2183
18,2741,2391,2742,2335,2741,2336,2742,2335,2743,2342,2739,2336,2743,2335,2742,2394,2742,2335,2741,2386,2741,2337,2742,2338,2741,2338,2741,2336,2742,2339,2741,2336,2742,2341,2742,2336,2743,2337,2794,2382
19,2901,2520,2900,2522,2900,2523,2957,2520,2902,2522,2897,2518,2903,2519,2900,2520,2900,2521,2900,2518,2899,2519,2900,2518,2900,2519,2899,2518,2900,2517,2899,2521,2899,2518,2899,2520,2952,2518,2926,2550
20,3068,2648,3058,2707,3068,2708,3059,2648,3072,2646,3058,2647,3115,2646,3111,2647,3058,2648,3058,2647,3058,2647,3062,2648,3058,2647,3058,2648,3058,2647,3059,2653,3058,2647,3058,2647,3058,2648,3121,2700
21,3225,2840,3225,2834,3226,2832,3281,2832,3225,2832,3226,2832,3226,2831,3224,2831,3223,2831,3225,2832,3225,2831,3224,2830,3243,2831,3225,2832,3225,2832,3286,2832,3221,2832,3223,2831,3282,2831,3291,2900
22,3464,3011,3397,3064,3397,3066,3399,3008,3415,3006,3396,3006,3451,3006,3397,3045,3396,3009,3397,3035,3396,3007,3405,3008,3396,3007,3396,3007,3396,3006,3399,3009,3399,3007,3396,3007,3396,3006,3453,3060
23,3585,3219,3576,3210,3578,3213,3639,3209,3578,3209,3577,3257,3582,3209,3578,3211,3578,3210,3577,3212,3578,3209,3576,3212,3577,3208,3577,3211,3577,3209,3579,3213,3576,3211,3578,3270,3633,3211,3637,3267
24,3776,3389,3777,3390,3777,3390,3778,3388,3778,3390,3777,3393,3776,3389,3778,3392,3777,3388,3777,3443,3779,3446,3776,3389,3774,3390,3776,3442,3776,3445,3777,3390,3798,3390,3778,3391,3777,3389,3838,3453
25,3911,3579,3903,3580,3845,3579,3846,3581,3847,3578,3900,3579,3847,3579,3847,3581,3847,3576,3849,3580,3845,3583,3846,3635,3897,3578,3849,3579,3845,3584,3846,3582,3848,3586,3898,3576,3847,3646,3907,3646
26,3978,3774,3964,3776,3970,3774,3967,3828,3966,3774,3971,3829,3968,3776,3966,3831,3966,3827,3972,3776,4028,3774,3970,3776,3973,3771,3968,3771,4019,3774,4024,3774,3967,3773,3969,3775,3966,3775,4034,3839
27,4128,3731,4127,3670,4129,3712,4130,3674,4183,3671,4131,3675,4183,3670,4128,3673,4127,3670,4129,3691,4126,3670,4138,3669,4127,3670,4126,3679,4129,3670,4131,3669,4129,3677,4129,3669,4128,3672,4203,3741
28,4341,3873,4290,3868,4289,3870,4289,3867,4288,3868,4342,3869,4289,3868,4292,3868,4289,3900,4286,3867,4289,3874,4289,3925,4338,3869,4349,3871,4290,3868,4289,3869,4290,3869,4289,3869,4288,3872,4363,3945
29,4457,4067,4468,4070,4458,4067,4458,4125,4460,4067,4463,4125,4460,4066,4457,4127,4456,4153,4457,4066,4515,4065,4458,4067,4456,4068,4456,4123,4456,4068,4524,4067,4456,4067,4458,4125,4457,4065,4541,4145
30,4626,4270,4627,4270,4641,4334,4629,4270,4628,4272,4638,4314,4624,4269,4630,4275,4688,4274,4691,4275,4630,4328,4627,4518,4627,4268,4629,4274,4628,4327,4628,4325,4685,4271,4630,4269,4630,4272,4707,4343
31,4807,4530,4817,4475,4805,4473,4807,4474,4855,4478,4814,4523,4859,4473,4807,4473,4806,4478,4807,4500,4808,4473,4811,4743,4805,4476,4804,4473,4808,4472,4813,4471,4804,4530,4807,4475,4807,4480,4887,4546
32,5067,4622,5011,4611,5063,4624,5013,4612,5014,4646,5069,4611,5013,4665,5068,4611,5025,4612,5014,4613,5013,4613,5067,4612,5013,4613,5064,4611,5012,4617,5011,4612,5015,4610,5010,4612,5017,4673,5096,5043
33,5294,4817,5345,4811,5295,4816,5355,4815,5306,4815,5347,4815,5298,4815,5298,4820,5294,4813,5295,4814,5299,4815,5295,4870,5349,4814,5341,4815,5297,4814,5295,4814,5298,4814,5347,4816,5349,4814,5412,5258
34,5436,4969,5484,4965,5433,4965,5480,4965,5435,4964,5435,5023,5438,4967,5434,4964,5433,5023,5437,4963,5493,4963,5429,5026,5437,5022,5433,5017,5488,4963,5492,4968,5433,4967,5497,4962,5435,4967,5527,5049
35,5605,5404,5605,5405,5608,5407,5604,5456,5610,5422,5606,5454,5608,5407,5604,5411,5606,5461,5653,5406,5670,5401,5611,5406,5604,5455,5605,5407,5656,5407,5648,5410,5608,5405,5605,5466,5608,5407,5714,5493
36,5780,5535,5776,5540,5788,5539,5779,5591,5783,5574,5779,5535,5779,5536,5777,5540,5792,5587,5838,5538,5836,5536,5783,5538,5781,5544,5792,5540,5838,5537,5785,5538,5843,5538,5780,5589,5796,5535,5908,5609
37,5962,5730,5962,5735,5966,5733,5965,5784,6020,5836,5961,5731,5962,5734,5968,5734,5960,5788,6027,5733,5964,5784,5962,5733,5964,5767,5962,5730,5978,5733,5964,5734,6020,5734,5967,5770,5964,5732,6086,5836
38,6162,5915,6152,5911,6152,5911,6158,5978,6405,6014,6155,5913,6155,5918,6152,5915,6154,5967,6219,5919,6156,5963,6166,5919,6155,5962,6156,5911,6163,5918,6157,5926,6224,5914,6167,5973,6158,5916,6238,6008
39,6349,6124,6395,6127,6353,6125,6360,6184,6601,6179,6357,6185,6356,6123,6351,6124,6356,6178,6405,6125,6348,6190,6346,6124,6348,6165,6350,6126,6393,6123,6360,6131,6405,6125,6345,6196,6360,6177,6443,6230
40,6563,6311,6617,6314,6563,6318,6568,6353,6582,6312,6564,6375,6554,6365,6575,6316,6567,6373,6624,6310,6564,6385,6571,6314,6560,6367,6563,6371,6616,6313,6563,6315,6627,6315,6563,6352,6573,6346,6703,6485
41,6758,6508,6822,6507,6759,6508,6817,6506,6813,6515,6755,6571,6814,6508,6808,6515,6755,6509,6773,6510,6799,6513,6762,6581,6808,6509,6754,6570,6817,6507,6763,6507,6763,6521,6757,6565,6755,6560,6894,6687
42,6950,6717,6899,6772,6947,6715,6960,6769,6955,6715,6951,6728,6950,6722,6950,6715,6889,6713,6898,6723,6946,6721,6894,6716,6952,6717,6892,6720,6906,6718,6901,6717,6896,6719,6959,6717,6899,6716,6998,6865
43,7128,6710,7077,6747,7129,6708,7083,6739,7076,6711,7138,6709,7077,6712,7153,6708,7075,6707,7077,6710,7072,6715,7079,6714,7078,6711,7080,6708,7068,6710,7076,6767,7080,6761,7138,6711,7081,6706,7229,6823
44,7262,6928,7261,6928,7258,6964,7311,6927,7266,6923,7261,6926,7259,6927,7261,6980,7321,6924,7262,6982,7261,6924,7274,6987,7259,6926,7270,6988,7264,6979,7318,6929,7256,6979,7267,6938,7268,6926,7401,7050
45,7455,7196,7452,7140,7455,7197,7508,7139,7453,7191,7452,7136,7449,7200,7449,7140,7455,7201,7454,7200,7449,7187,7451,7144,7451,7188,7509,7139,7455,7169,7507,7140,7499,7147,7494,7139,7500,7142,7587,7271
46,7667,7342,7719,7348,7661,7341,7659,7345,7676,7399,7655,7396,7718,7343,7659,7343,7664,7406,7720,7346,7718,7339,7720,7342,7714,7343,7719,7344,7719,7342,7663,7354,7662,7357,7652,7340,7658,7380,7806,7493
47,7889,7546,7867,7604,7915,7547,7871,7608,7920,7545,7921,7546,7924,7582,7924,7546,7862,7548,7879,7580,7866,7547,7873,7546,7866,7548,7868,7549,7917,7545,7871,7597,7879,7608,7867,7609,7865,7563,8036,7695
48,8094,7677,8094,7613,8145,7616,8095,7613,8093,7637,8147,7616,8143,7613,8094,7670,8143,7621,8125,7618,8097,7684,8096,7678,8096,7670,8102,7679,8097,7613,8152,7622,8157,7616,8149,7614,8099,7616,8240,7732
49,8615,7898,8657,7830,8619,7891,8609,7896,8618,7901,8620,7886,8610,7828,8667,7838,8619,7898,8619,7904,8680,7829,8679,7842,8679,7829,8616,7826,8617,7883,8618,7829,8619,7832,8623,7835,8689,7830,8764,7975
50,8815,8089,8765,8150,8826,8089,8830,8090,8809,8279,8822,8086,8766,8150,8821,8085,8776,8091,8836,8086,8760,8099,8760,8090,8765,8093,8762,8098,8800,8126,8761,8133,8768,8149,8761,8107,8806,8087,8916,8223
51,8944,8417,9005,8381,8947,8437,8944,8431,8938,8428,8947,8397,8986,8383,8944,8383,9010,8378,8942,8384,8941,8385,8950,8436,8944,8429,8954,8423,8946,8381,9009,8379,8999,8379,9018,8383,8947,8391,9095,8516
52,9185,8670,9129,8723,9130,8667,9188,8662,9035,8816,9141,8742,9127,8719,9192,8665,9188,8670,9135,8722,9127,8723,9183,8667,9123,8669,9179,8670,9178,8678,9130,8724,9130,8721,9128,8729,9199,8704,9303,8818
53,9330,8919,9372,8863,9368,8864,9334,8868,9185,9021,9394,8885,9395,8866,9329,8914,9336,8937,9333,8865,9387,8867,9334,8903,9331,8923,9346,8920,9322,8874,9393,8881,9376,8864,9329,8867,9327,8944,9504,9063
54,9582,8903,9530,8951,9544,8897,9594,8897,9601,8894,9540,8943,9540,8928,9604,8908,9641,8911,9589,8896,9553,8923,9594,9127,9545,8898,9605,8900,9587,8897,9544,8952,9608,8899,9545,8949,9604,8900,9705,9078
55,9807,9182,9798,9131,9751,9121,9760,9175,9760,9119,9761,9123,9815,9124,9750,9123,9754,9224,9754,9193,9752,9121,9752,9414,9799,9121,9751,9179,9752,9121,9822,9123,9754,9171,9822,9135,9806,9129,9935,9316
56,9975,9311,9977,9364,9977,9314,10033,9325,10026,9317,10035,9317,9982,9369,10029,9315,10034,9360,10037,9320,10029,9316,10028,9313,9976,9365,10027,9324,10028,9312,9979,9367,10034,9314,9967,9333,9976,9313,10161,9479
57,10250,9528,10251,9521,10210,9584,10209,9585,10210,9584,10209,9588,10217,9531,10268,9582,10206,9621,10217,9572,10220,9591,10246,9536,10264,9522,10210,9537,10210,9585,10271,9575,10215,9576,10213,9597,10210,9591,10398,9675
58,10430,9754,10404,9794,10417,9754,10379,9759,10423,9753,10422,9760,10429,9795,10372,9808,10406,9797,10422,9756,10420,9752,10368,9825,10367,9804,10428,9760,10424,9753,10365,9753,10425,9756,10429,9767,10431,9758,10649,9928
59,10556,9940,10591,9914,10555,9940,10608,9886,10614,9886,10552,9943,10558,9957,10564,9944,10555,9935,10607,9888,10555,9958,10551,9942,10552,9895,10615,9881,10568,9940,10574,9878,10550,9890,10551,9941,10555,9937,10720,9983
60,10800,10120,10793,10117,10741,10168,10741,10153,10743,10174,10753,10196,10801,10114,10797,10128,10736,10168,10740,10170,10745,10168,10746,10116,10798,10115,10741,10173,10740,10174,10740,10170,10799,10129,10743,10177,10801,10173,10932,10147
61,10938,10342,10963,10408,11006,10335,10942,10385,10994,10338,11000,10364,10980,10350,10944,10336,10988,10332,10951,10379,10995,10334,10996,10350,10997,10333,10940,10341,10994,10336,10947,10391,10938,10401,10998,10354,10939,10383,11122,10505
62,11145,10602,11143,10597,11145,10539,11201,10564,11196,10543,11196,10564,11142,10605,11144,10604,11194,10540,11200,10542,11192,10543,11203,10542,11140,10590,11206,10557,11202,10543,11198,10542,11143,10597,11201,10543,11147,10601,11325,10719
63,11422,10803,11352,10849,11350,10852,11407,10802,11358,10855,11363,10796,11350,10821,11358,10861,11349,10857,11361,10801,11414,10797,11347,10855,11347,10858,11363,10857,11355,10853,11418,10805,11349,10865,11352,10851,11407,10805,11530,11077
64,11567,10959,11624,10898,11572,10964,11573,10901,11566,10956,11566,10930,11563,10952,11565,10908,11566,10965,11566,10903,11567,10955,11580,10966,11617,10895,11628,10900,11567,10955,11572,10953,11621,10896,11568,10965,11633,10897,11750,11089
65,12048,11167,12100,11102,12051,11162,12047,11170,12049,11165,12049,11159,12105,11104,12088,11105,12051,11160,12055,11164,12048,11165,12108,11107,12109,11106,12097,11111,12045,11173,12051,11165,12108,11107,12046,11137,12048,11150,12071,11255
66,12212,11384,12240,11329,12278,11329,12225,11379,12218,11337,12213,11379,12265,11329,12267,11329,12217,11344,12281,11329,12214,11391,12269,11327,12263,11330,12268,11328,12212,11388,12211,11368,12259,11330,12211,11393,12210,11386,12286,11424
67,12417,11509,12404,11502,12456,11451,12406,11519,12459,11447,12405,11509,12461,11452,12410,11461,12406,11512,12444,11453,12526,11452,12459,11452,12456,11449,12464,11448,12461,11465,12415,11513,12468,11456,12475,11450,12407,11515,12477,11467
68,12658,11635,12604,11685,12665,11627,12607,11680,12667,11640,12606,11688,12659,11634,12662,11634,12608,11690,12667,11632,12666,11634,12658,11632,12613,11633,12661,11633,12659,11680,12597,11677,12654,11633,12655,11636,12607,11693,12676,11645
69,12866,11850,12806,11905,12846,11906,12810,11914,12880,11853,12805,11902,12868,11852,12861,11849,12813,11911,12845,11858,12874,11951,12871,11852,12800,11895,12861,11860,12859,11848,12811,11910,12805,11846,12871,11851,12871,11908,12886,11866
70,13075,12052,13017,12102,13076,12103,13021,12071,13067,12051,13015,12341,13061,12052,13056,12047,13022,12114,13073,12055,13081,12049,13060,12048,13078,12050,13071,12050,13039,12051,13019,12081,13022,12050,13079,12049,13013,12055,13091,12095
71,13302,12290,13239,12351,13264,12286,13298,12291,13288,12340,13234,12590,13309,12291,13296,12290,13235,12347,13289,12292,13295,12292,13293,12293,13307,12287,13290,12289,13309,12291,13236,12344,13234,12290,13290,12288,13286,12289,13286,12331
72,13510,12509,13451,12569,13516,12509,13515,12557,13513,12564,13455,12526,13507,12572,13457,12571,13462,12564,13522,12552,13513,12509,13512,12510,13501,12509,13512,12517,13573,12505,13453,12561,13520,12509,13522,12568,13527,12513,13528,12583
73,14112,12795,14166,12798,14177,12738,14178,12800,14112,12792,14111,12782,14183,12799,14126,12754,14112,12798,14175,12814,14173,12750,14166,12739,14170,12739,14174,12799,14189,12740,14118,12800,14172,12741,14118,12793,14108,12810,14137,12828
74,14272,13022,14265,13022,14267,13001,14264,13016,14265,13018,14308,12958,14269,13006,14325,12960,14328,13019,14330,13020,14327,13019,14327,13016,14278,13015,14262,13010,14325,13021,14319,12962,14336,13026,14333,13022,14272,13026,14282,13090
75,14518,13673,14460,13781,14519,13724,14461,13673,14511,13664,14528,13718,14493,13673,14461,13722,14520,13725,14461,13716,14458,13724,14462,13731,14461,13713,14460,13741,14456,13718,14518,13662,14523,13667,14460,13719,14528,13724,14540,13708
76,14724,13416,14725,13491,14729,13414,14725,13412,14713,13470,14671,13468,14672,13412,14685,13484,14714,13414,14722,13413,14672,13412,14758,13498,14726,13414,14729,13479,14668,13475,14724,13412,14714,13416,14722,13413,14722,13480,14699,13488
77,14902,13669,14955,13644,14903,13702,14960,13695,14894,13643,14891,13645,14945,13697,14957,13702,14906,13641,14961,13698,14892,13699,14950,13642,14930,13698,14939,13654,14950,13642,14962,13643,15020,13644,14946,13700,15099,13652,14959,13656
78,15162,13861,15178,13873,15179,13890,15110,13908,15167,13864,15147,13861,15116,13865,15125,13860,15113,13910,15112,13917,15172,13898,15179,13871,15128,13919,15184,13916,15170,13923,15187,13922,15188,13931,15176,13918,15344,14084,15137,13934
79,15414,14082,15412,14097,15406,14086,15350,14149,15413,14152,15345,14138,15405,14145,15354,14137,15406,14149,15399,14084,15458,14085,15385,14143,15400,14083,15343,14089,15360,14136,15350,14145,15347,14135,15348,14146,15546,14186,15405,14103
80,15585,14220,15584,14206,15586,14202,15647,14161,15653,14226,15655,14158,15650,14189,15637,14162,15600,14215,15639,14201,15648,14827,15585,14157,15647,14210,15663,14157,15629,14157,15639,14156,15643,14157,15656,14157,15846,14428,15661,14229
81,16312,14385,16306,14385,16306,14443,16254,14450,16251,14446,16301,14425,16255,14433,16253,14449,16309,14429,16322,14385,16310,15112,16310,14393,16258,14485,16306,14444,16312,14440,16255,14428,16378,14387,16313,14386,16459,14675,16316,14398
82,16403,14681,16411,14680,16408,14666,16427,14619,16468,14682,16408,14653,16463,14678,16416,14682,16467,14626,16469,14691,16408,14673,16469,14642,16406,14765,16478,14626,16409,14684,16482,14630,16475,14648,16473,14676,16675,14823,16491,14656
83,16657,14745,16663,14793,16676,14748,16610,14806,16612,14802,16670,14808,16613,14791,16615,14797,16624,14800,16678,14803,16651,14739,16615,14752,16666,14795,16670,14812,16668,14746,16674,14795,16669,14803,16611,14792,16783,14897,16689,14757
84,16820,15046,16823,15061,16855,15068,16822,15067,16875,15043,16824,15013,16854,15063,16886,15012,16872,15011,16823,15007,16819,15023,16879,15060,16890,15129,16860,15009,16825,15060,16882,15011,16887,15015,16869,15009,17132,15313,16850,15275
85,17093,15298,17099,15358,17097,15250,17107,15249,17098,15261,17102,15309,17053,15246,17110,15312,17081,15306,17092,15307,17100,15291,17045,15254,17088,15313,17053,15310,17070,15306,17056,15315,17175,15252,17101,15310,17271,15475,17067,15520
86,17335,15443,17279,15428,17332,15421,17331,15687,17329,15437,17279,15381,17339,15437,17330,15371,17336,15432,17340,15370,17342,15494,17345,15411,17324,15426,17334,15369,17339,15368,17330,15426,17296,15478,17332,15369,17524,15582,17361,15487
87,17566,15627,17577,15632,17574,15687,17571,15896,17587,15628,17567,15687,17569,15696,17525,15749,17561,15633,17565,15686,17515,15691,17582,15678,17590,15691,17516,15679,17581,15664,17518,15688,17519,15680,17516,15686,17778,15915,17544,15641
88,17833,15871,17832,15925,17839,15867,17835,15933,17775,15864,17835,15868,17854,15923,17836,15876,17832,15923,17843,15925,17836,15861,17832,15874,17839,15866,17827,15920,17857,15921,17823,15919,17808,15932,17848,15917,18062,16145,17883,15916
89,17658,16100,17656,16162,17649,16220,17681,16101,17730,16113,17606,16113,17657,16155,17676,16160,17663,16135,17659,16156,17660,16106,17602,16147,17668,16161,17666,16154,17651,16098,17672,16163,17670,16138,17662,16156,17914,16336,17685,16244
90,17763,16406,17826,16360,17896,16358,17774,16482,17824,16361,17835,16413,17828,16368,17834,16410,17760,16358,17816,16361,17813,16367,17823,16371,17814,16359,17770,16357,17780,16420,17755,16511,17822,16504,17829,16419,18141,16629,17890,16696
91,17967,17702,18058,17777,18035,17766,18028,17698,18045,17769,18044,17764,17981,17760,18023,17776,18021,17766,17963,17753,17964,17722,18019,17770,18031,17777,18022,17828,18036,17765,18022,17995,18039,17947,18039,17703,18281,18014,18098,18060
92,18231,16889,18252,16936,18228,16949,18191,16885,18219,16941,18181,16943,18238,16948,18174,16966,18228,16945,18242,16945,18177,17098,18242,16890,18309,16879,18235,16941,18236,16957,18229,17088,18162,16953,18233,16934,18492,17181,18440,17042
93,18455,17190,18447,17180,18452,17187,18439,17180,18448,17184,18459,17187,18461,17188,18449,17129,18455,17189,18383,17190,18446,17335,18397,17228,18402,17183,18449,17181,18443,17173,18439,17317,18434,17190,18439,17183,18763,17418,18430,17211
94,18666,17417,18649,17368,18658,17427,18670,17417,18670,17404,18672,17417,18681,17421,18680,17374,18658,17426,18611,17416,18672,17420,18672,17407,18663,17418,18675,17419,18669,17399,18671,17423,18668,17376,18671,17432,18850,17635,18676,17409
95,18895,17658,18907,17610,18845,17658,18897,17682,18901,17668,18903,17677,18900,17642,18904,17606,18839,17647,18923,17657,18902,17611,18900,17660,18890,17631,18834,17642,18890,17604,18906,17655,18902,17657,18929,17659,19224,17905,18856,17647
96,19146,17740,19131,17729,19142,17746,19087,17749,19135,17749,19125,17738,19142,17736,19137,17693,19090,17735,19138,17746,19146,17747,19142,17743,19149,17685,19130,17731,19130,17734,19147,17747,19148,17748,19135,17719,19339,17903,19104,17747
97,19969,18030,20004,17963,19965,18024,19983,18030,19961,18018,19965,18016,19972,18022,19977,17966,19970,18022,19941,18038,19973,18031,19965,18030,19963,17970,20023,18018,19930,18023,19965,18099,19976,18020,19969,18026,20194,18189,19935,18041
98,20163,18328,20153,18264,20092,18323,20169,18326,20169,18300,20140,18331,20215,18272,20149,18278,20105,18291,20158,18326,20159,18334,20146,18328,20168,18330,20159,18320,20154,18331,20150,18330,20144,18327,20160,18328,20318,18579,20179,18288
99,20315,18368,20379,18372,20372,18423,20385,18422,20362,18413,20373,18373,20370,18419,20372,18429,20387,18427,20369,18425,20366,18435,20373,18443,20366,18432,20370,18426,20437,18398,20321,18442,20373,18397,20322,18419,20716,18626,20523,18600
100,20576,18718,20588,18723,20631,18725,20591,18722,20639,18660,20582,18719,20620,18718,20655,18715,20598,18695,20606,18690,20591,18720,20541,18732,20582,18722,20585,18708,20582,18718,20533,18661,20530,18726,20624,18674,20980,19058,20569,18739
