n,Baseline (copy+sort),Find SIMD,Insert Cache,Heap Cache,Tournament Tree
3,45,34,16,22,16
4,84,47,24,29,29
5,83,56,32,38,43
6,122,69,40,52,51
7,123,82,49,68,70
8,163,96,58,78,82
9,183,107,68,89,104
10,204,119,78,104,119
11,210,133,88,123,134
12,268,146,99,138,140
13,257,155,109,156,171
14,300,167,121,178,185
15,304,181,133,201,201
16,366,194,145,213,214
17,366,215,157,225,240
18,399,227,168,243,264
19,410,241,181,262,290
20,446,255,195,279,309
21,462,264,209,298,334
22,502,276,224,321,347
23,503,290,238,344,360
24,560,304,253,362,370
25,558,324,269,381,403
26,610,336,285,406,426
27,627,349,301,431,444
28,667,363,317,454,458
29,675,372,334,477,477
30,711,384,352,505,492
31,714,397,369,532,510
32,775,411,388,547,527
33,784,436,407,561,555
34,861,447,424,580,585
35,832,461,445,601,616
36,884,476,466,621,644
37,912,486,486,641,673
38,947,497,506,666,701
39,943,512,527,689,728
40,1030,526,547,714,751
41,1013,549,569,726,782
42,1054,560,590,751,809
43,1062,574,612,778,833
44,1104,588,634,804,853
45,1118,599,658,828,876
46,1195,610,682,860,896
47,1159,625,705,884,917
48,1220,639,729,905,935
49,1221,671,754,924,964
50,1280,682,778,951,988
51,1272,697,803,978,1013
52,1346,710,829,1003,1036
53,1358,721,856,1029,1057
54,1401,732,884,1062,1076
55,1386,746,911,1093,1096
56,1451,760,925,1118,1117
57,1456,812,947,1141,1140
58,1519,824,965,1172,1158
59,1509,838,990,1203,1177
60,1576,853,1002,1233,1196
61,1583,864,1022,1263,1217
62,1637,875,1044,1297,1237
63,1610,891,1065,1329,1261
64,1689,905,1086,1348,1288
65,1692,945,1104,1364,1314
66,1778,957,1130,1387,1347
67,1740,971,1170,1408,1386
68,1829,985,1160,1430,1425
69,1786,996,1181,1451,1464
70,1876,1009,1200,1476,1502
71,1887,1023,1224,1502,1539
72,1959,1038,1246,1522,1575
73,1917,1064,1268,1542,1614
74,1995,1075,1291,1571,1648
75,1963,1090,1313,1595,1684
76,2067,1104,1337,1621,1716
77,2039,1115,1360,1646,1748
78,2135,1126,1376,1676,1781
79,2100,1142,1401,1704,1811
80,2184,1156,1726,1726,1837
81,2149,1208,1764,1745,1868
82,2253,1220,1463,1774,1899
83,2218,1237,1484,1800,1925
84,2290,1250,1503,1827,1954
85,2298,1261,1524,1853,1977
86,2380,1274,1551,1887,2005
87,2365,1289,1575,1918,2029
88,2398,1303,1584,1944,2051
89,2426,1395,1608,1967,2076
90,2463,1407,1632,2003,2102
91,2449,1423,1652,2031,2127
92,2534,1440,1665,2066,2151
93,2537,1453,1695,2094,2192
94,2633,1507,1726,2133,2228
95,2608,1523,1751,2163,2251
96,2677,1539,1772,2187,2275
97,2664,1597,1796,2205,2307
98,2760,1610,1822,2237,2337
99,2714,1627,1844,2260,2360
100,2837,1642,1867,2288,2393
101,2763,1655,1892,2317,2414
102,2877,1669,1947,2347,2445
103,2816,1686,1931,2380,2471
104,2932,1703,1959,2408,2491
105,2912,1720,1983,2436,2519
106,3008,1734,2003,2472,2541
107,2950,1750,2037,2504,2570
108,3059,1766,2063,2539,2590
109,2984,1778,2088,2569,2622
110,3151,1793,2122,2605,2637
111,3065,1811,2162,2637,2665
112,3191,1827,2208,2665,2689
113,3207,1892,2235,2689,2709
114,3252,1904,2256,2721,2743
115,3210,1922,2418,2753,2758
116,3316,1939,2288,2789,2780
117,3278,1950,2317,2820,2812
118,3401,1966,2314,2855,2829
119,3306,1984,2340,2894,2860
120,3432,2000,2373,2930,2882
121,3409,2126,2396,2958,2911
122,3499,2140,2406,2999,2926
123,3464,2160,2413,3032,2954
124,3574,2175,2421,3068,2982
125,3555,2190,2448,3099,3010
126,3616,2207,2584,3137,3035
127,3581,2225,2618,3173,3057
128,3704,2244,2609,3194,3080
129,3669,2319,2638,3215,3116
130,3738,2335,2670,3249,3154
131,3694,2353,2886,3269,3191
132,3845,2372,2914,3298,3229
133,3785,2388,2953,3323,3275
134,3882,2404,2990,3350,3307
135,3862,2422,2874,3379,3356
136,3972,2442,2910,3407,3381
137,3918,2461,2948,3431,3422
138,4036,2477,2984,3463,3471
139,3964,2494,3001,3491,3508
140,4107,2513,3034,3519,3550
141,4056,2528,3068,3548,3585
142,4128,2544,3101,3577,3621
143,4057,2563,3132,3608,3653
144,4195,2581,3163,3636,3693
145,4167,2661,3200,3656,3732
146,4292,2676,3236,3684,3769
147,4245,2693,3271,3714,3809
148,4359,2712,3307,3742,3846
149,4259,2729,3342,3769,3881
150,4426,2746,3376,3804,3916
151,4389,2767,3405,3834,3952
152,4434,2784,3436,3866,3990
153,4383,2948,3473,3890,4025
154,4558,2965,3507,3928,4060
155,4485,2985,3551,3961,4090
156,4659,3007,3581,3995,4123
157,4574,3027,3619,4028,4161
158,4682,3044,3653,4066,4197
159,4599,3065,3653,4093,4221
160,4724,3086,3688,4126,4256
161,4677,3179,3724,4146,4295
162,4827,3194,3760,4182,4329
163,4701,3221,3808,4208,4369
164,4858,3244,3837,4240,4399
165,4825,3263,3879,4272,4433
166,4928,3287,3919,4312,4474
167,4886,3312,3961,4346,4503
168,4992,3340,4002,4382,4545
169,4929,3332,4045,4411,4574
170,5146,3359,4085,4458,4599
171,4973,3388,4192,4489,4629
172,5150,3414,4241,4531,4658
173,5096,3439,4281,4564,4687
174,5207,3460,4318,4603,4718
175,5159,3484,4354,4638,4746
176,5258,3507,4406,4672,4778
177,5168,3587,4439,4696,4807
178,5333,3606,4475,4732,4833
179,5290,3629,4476,4762,4861
180,5384,3650,4510,4801,4890
181,5360,3670,4546,4833,4922
182,5486,3691,4579,4874,4943
183,5356,3711,4613,4909,4972
184,5584,3732,4661,4942,5009
185,5428,4140,4695,4973,5029
186,5564,4163,4729,5015,5053
187,5512,4186,4709,5049,5088
188,5670,4214,4747,5087,5108
189,5579,4232,4784,5117,5138
190,5765,4255,4818,5163,5162
191,5624,4275,5294,5194,5184
192,5794,4302,5333,5227,5218
193,5734,4418,5373,5255,5246
194,5862,4439,5413,5290,5277
195,5731,4464,4999,5315,5307
196,5940,4490,5034,5348,5338
197,5842,4511,5067,5374,5367
198,6010,4530,5105,5410,5397
199,5877,4556,5144,5442,5427
200,6069,4580,5181,5477,5457
201,5977,4422,5215,5505,5489
202,6145,4442,5252,5543,5516
203,6065,4466,5336,5577,5548
204,6204,4487,5369,5613,5574
205,6078,4508,5405,5644,5602
206,6233,4527,5445,5685,5639
207,6167,4553,5920,5723,5659
208,6303,4573,5968,5754,5688
209,6269,4702,6006,5783,5717
210,6438,4723,6045,5821,5745
211,6345,4747,5634,5854,5774
212,6451,4771,5667,5893,5802
213,6431,4790,5702,5920,5834
214,6548,4812,5737,5964,5858
215,6432,4835,5773,6003,5888
216,6612,4863,5828,6041,5917
217,6495,5372,5873,6070,5945
218,6697,5394,5900,6115,5972
219,6618,5418,5876,6148,6000
220,6790,5446,5930,6188,6027
221,6673,5469,5966,6222,6054
222,6918,5498,6004,6265,6077
223,6660,5520,6229,6299,6117
224,6857,5549,6273,6333,6142
225,6797,5634,6313,6352,6167
226,6909,5653,6357,6392,6191
227,6832,5682,6170,6418,6220
228,6999,5715,6224,6457,6252
229,6880,5737,6261,6487,6279
230,7154,5761,6299,6524,6306
231,7013,5782,6337,6560,6339
232,7225,5809,6372,6594,6361
233,7012,5682,6405,6624,6391
234,7185,5703,6441,6673,6412
235,7130,5730,7044,6701,6443
236,7299,5757,7075,6746,6472
237,7241,5780,7110,6774,6500
238,7359,5805,7157,6820,6534
239,7234,5834,6952,6860,6559
240,7422,5871,7028,6894,6594
241,7266,5991,7073,6924,6624
242,7506,6021,7120,6970,6651
243,7361,6062,6891,7002,6684
244,7627,6100,6937,7049,6719
245,7505,6133,6984,7082,6758
246,7776,6176,7041,7132,6787
247,7560,6208,7084,7181,6822
248,7714,6237,7161,7228,6852
249,7583,6754,7208,7266,6886
250,7842,6780,7254,7314,6918
251,7643,6808,7488,7350,6946
252,7890,6862,7555,7394,6977
253,7723,6880,7589,7431,7003
254,7988,6893,7651,7475,7033
255,7790,6933,7389,7519,7061
256,7980,6980,7446,7546,7088
257,7882,6772,7519,7572,7135
258,8060,6795,7544,7607,7181
259,7965,6820,7605,7624,7225
260,8238,6872,7767,7668,7270
261,7974,6887,7791,7685,7307
262,8207,6951,7746,7722,7348
263,8058,7007,7800,7755,7386
264,8221,7068,7942,7790,7430
265,8179,7258,7984,7804,7476
266,8377,7318,8055,7856,7519
267,8265,7352,8101,7872,7563
268,8373,7370,8276,7914,7608
269,8277,7428,8289,7938,7662
270,8466,7537,8169,7978,7699
271,8369,7658,8229,8015,7744
272,8547,7622,8412,8044,7785
273,8430,7839,8559,8062,7842
274,8622,7946,8495,8105,7881
275,8424,8026,8588,8125,7927
276,8649,8126,8816,8166,7970
277,8586,8125,8930,8196,8010
278,8881,8104,8672,8231,8052
279,8555,8216,8783,8266,8099
280,8771,8324,8983,8309,8141
281,8736,8504,9198,8335,8186
282,8954,8571,9158,8372,8234
283,8748,8600,9269,8400,8271
284,8942,8665,9571,8441,8318
285,8814,8677,9626,8469,8360
286,8985,8704,9315,8507,8411
287,8957,8751,9508,8543,8446
288,9046,8778,9775,8579,8498
289,8892,8967,9858,8589,8541
290,9237,9008,9773,8631,8585
291,9061,9032,9861,8654,8630
292,9190,9067,10066,8694,8677
293,9065,9093,10154,8746,8720
294,9284,9124,9996,8759,8774
295,9136,9158,10118,8793,8799
296,9327,9180,10247,8829,8843
297,9219,9371,10343,8851,8900
298,9529,9391,10324,8899,8946
299,9305,9435,10357,8927,8978
300,9479,9468,10560,9001,9016
301,9335,9485,10610,9002,9067
302,9545,9524,10581,9039,9116
303,9442,9551,10631,9072,9160
304,9738,9595,10788,9117,9199
305,9502,9766,10827,9137,9231
306,9849,9798,10793,9181,9282
307,9590,9847,10837,9209,9330
308,9827,9856,10990,9253,9367
309,9733,9897,11034,9290,9415
310,9866,9921,11041,9328,9452
311,9664,9954,11056,9371,9495
312,9849,10004,11220,9424,9541
313,9864,10185,11270,9435,9594
314,10165,10212,11208,9501,9622
315,9855,10250,11286,9530,9666
316,10086,10276,11439,9569,9706
317,9897,10312,11513,9606,9755
318,10095,10337,11439,9655,9804
319,10020,10384,11497,9685,9834
320,10212,10404,11644,9720,9889
321,10038,10608,11740,9741,9914
322,10233,10628,11660,9794,9953
323,10204,10660,11715,9831,10004
324,10379,10688,11882,9859,10024
325,10206,10729,11954,9883,10070
326,10511,10763,11871,9925,10109
327,10286,10779,11955,9955,10139
328,10437,10822,12106,10013,10176
329,10363,11001,12167,10018,10211
330,10593,11031,12122,10071,10264
331,10394,11066,12171,10102,10291
332,10633,11099,12308,10159,10336
333,10418,11127,12383,10192,10361
334,10698,11153,12342,10221,10395
335,10553,11195,12383,10270,10432
336,10732,11226,12561,10301,10461
337,10662,11425,12579,10324,10495
338,10914,11451,12533,10376,10528
339,10730,11485,12607,10421,10562
340,11045,11550,12751,10464,10605
341,10925,11557,12846,10486,10624
342,11031,11596,12772,10531,10689
343,10859,11626,12845,10580,10706
344,11044,11666,13007,10616,10741
345,10968,11848,13029,10653,10772
346,11253,11881,12989,10702,10800
347,10928,11916,13051,10756,10828
348,11240,11954,13259,10794,10869
349,11011,11999,13262,10822,10905
350,11324,12022,13236,10861,10932
351,11096,12052,13315,10912,10979
352,11288,12086,13462,10953,10967
353,11139,12281,13484,10992,10999
354,11385,12306,13451,11031,11049
355,11284,12353,13541,11054,11081
356,11504,12411,13670,11114,11103
357,11375,12446,13746,11138,11140
358,11514,12452,13721,11181,11153
359,11417,12500,13767,11228,11196
360,11573,12529,13919,11267,11219
361,11483,12704,13964,11286,11265
362,11644,12775,13943,11360,11272
363,11505,12780,13971,11421,11331
364,11754,12820,14175,11433,11371
365,11558,12860,14233,11482,11370
366,11779,12892,14192,11511,11392
367,11731,12950,14265,11557,11447
368,12008,12978,14409,11597,11486
369,11733,13189,14460,11641,11511
370,12074,13203,14411,11687,11548
371,11837,13256,14468,11711,11556
372,12030,13263,14644,11760,11602
373,11903,13299,14713,11822,11601
374,12142,13339,14640,11840,11658
375,11951,13360,14680,11924,11679
376,12352,13426,14875,11933,11719
377,11967,13619,14947,11987,11738
378,12298,13661,14866,12033,11776
379,12165,13694,14966,12095,11793
380,12462,13721,15115,12111,11829
381,12169,13760,15184,12141,11878
382,12343,13810,15128,12206,11891
383,12242,13843,15208,12229,11934
384,12537,13885,15336,12260,11953
385,12363,14109,15421,12303,11993
386,12472,14141,15363,12339,12042
387,12360,14158,15434,12377,12078
388,12592,14169,15615,12418,12107
389,12502,14253,15700,12455,12155
390,12705,14253,15615,12494,12199
391,12552,14305,15678,12550,12225
392,12703,14354,15870,12565,12276
393,12667,14573,15917,12598,12326
394,12984,14603,15843,12636,12353
395,12746,14654,15922,12701,12384
396,13026,14697,16111,12727,12407
397,12703,14726,16170,12756,12466
398,13080,14744,16115,12810,12499
399,12733,14786,16181,12845,12526
400,13072,14835,16351,12881,12565
401,12847,15077,16408,12934,12589
402,13205,15108,16366,12968,12761
403,13044,15132,16496,13095,12691
404,13111,15167,16621,13069,12739
405,12988,15210,16685,13089,12762
406,13181,15257,16659,13148,12792
407,13131,15296,16711,13203,12834
408,13310,15342,16854,13235,12885
409,13285,15591,16934,13287,12911
410,13391,15609,16904,13335,12922
411,13300,15656,16967,13369,12971
412,13485,15671,17131,13419,12999
413,13326,15748,17197,13471,13038
414,13515,15755,17175,13510,13078
415,13404,15800,17222,13546,13104
416,13666,15854,17379,13581,13159
417,13454,16114,17455,13598,13180
418,13744,16124,17405,13669,13204
419,13608,16134,17459,13681,13241
420,13758,16187,17646,13727,13280
421,13517,16251,17709,13787,13335
422,13797,16265,17644,13816,13353
423,13681,16333,17743,13869,13387
424,14009,16360,17910,13931,13418
425,13746,16647,17967,13945,13438
426,14035,16635,17939,14004,13476
427,13791,16701,18009,14046,13519
428,14111,16741,18163,14099,13531
429,13865,16764,18245,14147,13594
430,14148,16798,18221,14198,13620
431,13936,16826,18260,14235,13666
432,14181,16897,18457,14295,13698
433,13940,17178,18507,14331,13720
434,14213,17215,18472,14383,13754
435,14026,17234,18544,14400,13788
436,14312,17291,18723,14440,13833
437,14215,17349,18785,14507,13843
438,14434,17382,18724,14556,13874
439,14243,17428,18834,14590,13921
440,14385,17462,18995,14652,13954
441,14335,17764,19055,14682,13989
442,14670,17789,19012,14748,14013
443,14532,17856,19250,14769,14084
444,14718,17899,19264,14829,14091
445,14444,17912,19346,14848,14120
446,14700,17968,19306,14919,14167
447,14569,17999,19383,14944,14187
448,14714,18046,19535,14970,14200
449,14634,18453,19743,14991,14365
450,15258,18576,19744,15358,14569
451,14853,18660,19806,15408,14522
452,14898,18570,19864,15222,14350
453,14892,18601,19915,15185,14409
454,15090,18627,19885,15239,14420
455,15029,18643,19960,15275,14437
456,14988,18709,20116,15329,14494
457,14849,19031,20230,15347,14542
458,15130,19030,20169,15410,14580
459,14875,19078,20221,15444,14592
460,15225,19136,20475,15503,14615
461,15080,19163,20537,15544,14677
462,15208,19213,20528,15589,14712
463,15062,19266,20611,15625,14744
464,15482,19308,20792,15677,14767
465,15105,19610,20841,15726,14796
466,15432,19614,20786,15749,14816
467,15253,19697,20875,15812,14856
468,15574,19716,21131,15874,14890
469,15364,19749,21214,15907,14915
470,15450,19804,21205,15957,14957
471,15409,19839,21313,16000,14960
472,15723,19892,21504,16045,15036
473,15646,20170,21550,16055,15080
474,15668,20213,21581,16138,15095
475,15548,20252,21677,16170,15134
476,15819,20305,21854,16223,15171
477,15582,20334,21931,16257,15190
478,15852,20376,22002,16320,15227
479,15733,20415,22064,16345,15262
480,16051,20476,22260,16402,15286
481,15793,20738,22325,16427,15314
482,16042,20766,22392,16497,15376
483,15763,20825,22465,16532,15376
484,16040,20870,22600,16570,15391
485,15895,20898,22715,16632,15468
486,16044,20946,22772,16665,15478
487,16221,21144,23079,16805,15682
488,16206,21016,22934,16835,15564
489,16376,21250,23273,16786,15529
490,16343,21285,23120,16948,15643
491,16026,21332,23227,16894,15656
492,16742,21544,23540,17046,15919
493,16361,21585,23663,17182,15910
494,16490,21589,23467,17115,15801
495,16544,21569,23746,17179,15857
496,16394,21533,23599,17077,15803
497,16334,21781,23684,17129,15805
498,16572,21821,23808,17179,15856
499,16411,21837,23902,17205,15887
500,16613,21909,23993,17266,15909
