n,Find Unrolled (O1),Find Unrolled (O2),Find Unrolled (O3),Find Unrolled (Os),Find Unrolled (Oz),Find SIMD (O1),Find SIMD (O2),Find SIMD (O3),Find SIMD (Os),Find SIMD (Oz),Insert Cache (O1),Insert Cache (O2),Insert Cache (O3),Insert Cache (Os),Insert Cache (Oz),Heap Cache (O1),Heap Cache (O2),Heap Cache (O3),Heap Cache (Os),Heap Cache (Oz),Tournament Tree (O1),Tournament Tree (O2),Tournament Tree (O3),Tournament Tree (Os),Tournament Tree (Oz),State Machine Cache (O1),State Machine Cache (O2),State Machine Cache (O3),State Machine Cache (Os),State Machine Cache (Oz)
3,116,117,117,118,116,362,344,343,351,343,159,163,169,168,169,214,226,223,222,224,173,167,167,216,220,131,125,117,125,128
4,200,193,198,195,200,499,480,482,479,473,235,241,250,242,244,309,302,295,303,302,299,293,292,354,369,201,191,180,195,197
5,266,273,263,272,267,590,567,569,562,555,314,321,330,316,316,414,394,381,394,399,441,430,429,513,524,289,287,263,294,296
6,357,361,354,362,360,726,694,695,695,681,400,411,439,397,398,568,532,519,531,540,530,516,516,613,627,536,486,466,509,510
7,462,460,464,458,459,866,825,828,831,821,481,492,523,483,483,748,696,686,690,705,728,709,709,823,850,0,0,0,0,0
8,584,570,585,582,591,1003,965,968,960,948,574,586,661,580,580,843,797,783,793,807,852,824,824,959,989,0,0,0,0,0
9,698,687,686,695,691,1173,1119,1120,1118,1108,668,681,756,679,679,981,913,889,913,945,1067,1039,1039,1190,1229,0,0,0,0,0
10,888,874,893,878,891,1288,1220,1221,1225,1212,771,783,882,782,782,1141,1066,1043,1078,1104,1226,1198,1201,1348,1418,0,0,0,0,0
11,1030,1066,1035,1034,1025,1431,1358,1362,1368,1353,866,888,971,896,892,1343,1258,1227,1247,1290,1374,1346,1345,1513,1617,0,0,0,0,0
12,1252,1251,1271,1223,1254,1579,1495,1498,1503,1482,962,994,1092,1009,1005,1494,1406,1382,1401,1440,1441,1411,1406,1606,1721,0,0,0,0,0
13,1509,1539,1515,1518,1522,1679,1599,1601,1599,1591,1068,1102,1206,1110,1115,1707,1599,1564,1583,1635,1766,1713,1713,1911,1976,0,0,0,0,0
14,1809,1787,1812,1778,1800,1809,1716,1721,1726,1714,1174,1221,1333,1225,1224,1914,1814,1783,1789,1849,1908,1849,1850,2057,2143,0,0,0,0,0
15,2068,2110,2088,2091,2056,1989,1854,1860,1898,1875,1310,1363,1742,1343,1367,2188,2047,2017,2037,2112,2073,2044,2046,2280,2354,0,0,0,0,0
16,2398,2385,2356,2376,2359,2103,2029,2032,2016,1986,1425,1455,1976,1483,1477,2253,2216,2168,2164,2206,2250,2146,2153,2431,2477,0,0,0,0,0
17,2690,2704,2689,2686,2701,2264,2145,2147,2140,2120,1527,1573,2144,1580,1576,2400,2293,2266,2297,2376,2484,2409,2408,2675,2770,0,0,0,0,0
18,3122,3070,3102,3097,3106,2395,2261,2261,2260,2236,1654,1697,2339,1708,1705,2553,2466,2428,2463,2565,2743,2648,2648,2940,3046,0,0,0,0,0
19,3335,3339,3353,3328,3343,2541,2397,2398,2398,2375,1785,1820,2520,1845,1860,2769,2660,2629,2686,2793,3017,2909,2908,3226,3335,0,0,0,0,0
20,3816,3887,3805,3794,3893,2687,2533,2535,2529,2506,1953,2022,2686,2038,2034,2922,2825,2793,2834,2967,3230,3105,3097,3444,3615,0,0,0,0,0
21,4410,4346,4372,4318,4359,2836,2677,2677,2669,2645,2133,2170,2917,2217,2215,3207,3067,3043,3085,3223,3557,3385,3400,3772,3913,0,0,0,0,0
22,4686,4695,4681,4676,4679,2966,2798,2797,2794,2768,2219,2279,3063,2321,2318,3418,3307,3262,3276,3460,3729,3545,3539,3940,4098,0,0,0,0,0
23,4986,5069,5026,5036,4954,3111,2932,2937,2928,2903,2363,2416,3014,2492,2490,3676,3540,3493,3540,3702,3881,3666,3668,4115,4257,0,0,0,0,0
24,5466,5570,5471,5513,5523,3211,3053,3027,3032,2996,2471,2541,3087,2667,2626,3773,3706,3637,3651,3829,3997,3715,3721,4196,4406,0,0,0,0,0
25,5761,5746,5772,5805,5823,3449,3220,3214,3235,3238,2648,2712,3276,2891,2801,3996,3851,3828,3869,4044,4234,4044,4043,4443,4639,0,0,0,0,0
26,6353,6276,6365,6284,6353,3573,3364,3368,3359,3356,2778,2856,3472,2993,2955,4213,4171,4069,4115,4328,4403,4257,4249,4671,4832,0,0,0,0,0
27,6637,6639,6673,6622,6674,3726,3475,3477,3501,3495,2934,3018,3689,3170,3174,4491,4365,4310,4342,4561,4581,4437,4451,4832,5051,0,0,0,0,0
28,7120,7081,7118,7029,7116,3874,3621,3616,3646,3635,3104,3185,3882,3383,3380,4685,4596,4535,4616,4814,4739,4590,4595,5003,5225,0,0,0,0,0
29,7853,7883,7877,7881,7792,3991,3725,3718,3736,3742,3267,3345,4088,3561,3562,4972,4855,4779,4796,5043,4936,4781,4783,5212,5458,0,0,0,0,0
30,8209,8243,8224,8267,8220,4112,3835,3833,3867,3860,3434,3530,4299,3765,3743,5232,5147,5059,5041,5313,5093,4929,4938,5390,5644,0,0,0,0,0
31,8873,8809,8857,8744,8841,4265,3980,3973,4016,4013,3605,3712,4496,3963,3933,5532,5429,5326,5344,5650,5277,5117,5113,5583,5850,0,0,0,0,0
32,9044,9130,9037,9113,9075,4427,4134,4148,4195,4195,3802,3904,4579,4167,4142,5612,5564,5471,5476,5765,5437,5300,5286,5775,6047,0,0,0,0,0
33,9860,9786,9886,9793,9795,4671,4398,4400,4444,4447,3980,4089,4786,4380,4339,5819,5685,5623,5700,5981,5777,5574,5596,6107,6389,0,0,0,0,0
34,10134,10162,10118,10145,10187,4866,4538,4527,4577,4571,4169,4279,4969,4541,4517,6014,5901,5804,5873,6176,6109,5860,5883,6425,6745,0,0,0,0,0
35,10991,11024,10968,10941,10952,4974,4684,4668,4728,4719,4362,4474,5194,4802,4815,6222,6095,6018,6169,6478,6431,6190,6185,6763,7082,0,0,0,0,0
36,11383,11483,11370,11481,11405,5124,4822,4825,4861,4876,4578,4692,5384,5032,5027,6355,6267,6215,6302,6683,6744,6447,6462,7068,7398,0,0,0,0,0
37,12250,12188,12249,12199,12162,5237,4930,4929,4973,4982,4770,4888,5577,5283,5270,6627,6465,6400,6628,6920,7076,6771,6786,7396,7736,0,0,0,0,0
38,12870,12875,12788,12844,12783,5386,5056,5043,5107,5108,4963,5096,5782,5497,5494,6819,6731,6647,6732,7196,7362,7033,7055,7679,8010,0,0,0,0,0
39,13336,13364,13268,13403,13318,5531,5203,5198,5248,5245,5168,5310,5984,5795,5754,7113,6985,6888,7127,7479,7636,7316,7308,7964,8300,0,0,0,0,0
40,13974,13904,14042,13983,13992,5682,5351,5416,5396,5405,5373,5513,6097,5985,5959,7269,7165,7079,7198,7691,7873,7553,7561,8205,8559,0,0,0,0,0
41,14365,14499,14417,14584,14437,6201,5716,5711,5724,5775,5588,5725,6301,6266,6275,7504,7377,7271,7569,7931,8188,7915,7881,8540,8897,0,0,0,0,0
42,15065,15067,15054,15070,15068,6345,5829,5829,5851,5899,5794,5944,6502,6493,6496,7744,7650,7526,7674,8195,8453,8137,8142,8826,9238,0,0,0,0,0
43,15959,15975,16010,16032,15960,6498,5976,5973,5997,6050,6022,6169,6911,6741,6737,8045,7918,7798,8078,8478,8683,8383,8409,9084,9453,0,0,0,0,0
44,16543,16480,16595,16519,16607,6677,6134,6121,6143,6201,6240,6386,7011,7016,7004,8304,8198,8041,8174,8715,8884,8598,8628,9298,9665,0,0,0,0,0
45,17474,17448,17553,17428,17501,6791,6244,6245,6253,6316,6468,6624,7210,7263,7242,8532,8461,8276,8589,8975,9096,8867,8865,9541,9959,0,0,0,0,0
46,17957,17968,18055,17986,17956,6908,6363,6351,6382,6439,6704,6865,7394,7545,7529,8838,8767,8579,8727,9248,9342,9052,9061,9737,10115,0,0,0,0,0
47,18692,18564,18598,18598,18612,7076,6506,6505,6529,6581,6970,7120,8061,7851,7804,9285,9094,8916,9198,9593,9477,9286,9306,9992,10339,0,0,0,0,0
48,19698,19676,19721,19675,19690,7240,6655,6650,6677,6740,7169,7335,7870,8035,8058,9279,9250,9099,9178,9753,9651,9489,9475,10116,10548,0,0,0,0,0
49,20132,20185,20209,20136,20240,7650,7001,7006,7031,7128,7419,7591,8101,8314,8289,9510,9459,9261,9594,10020,9900,9752,9765,10428,10837,0,0,0,0,0
50,21002,20931,21021,20901,20946,7785,7131,7124,7155,7261,7680,7829,8256,8601,8540,9756,9764,9558,9683,10250,10139,10022,10010,10704,11101,0,0,0,0,0
