n,Find (Cache SIMD),Insert (Cache),Heap (Cache),Tournament Tree (Cache)
3,37,16,22,23
4,49,24,29,38
5,62,32,38,56
6,76,41,53,71
7,91,49,69,93
8,110,58,78,108
9,126,68,90,138
10,140,78,104,162
11,154,88,123,184
12,169,99,138,199
13,183,109,157,224
14,198,121,178,243
15,213,133,201,262
16,229,146,212,280
17,245,157,227,311
18,259,169,243,341
19,273,181,264,371
20,287,195,279,397
21,343,210,300,422
22,317,224,319,442
23,332,238,348,460
24,347,253,359,479
25,363,268,385,507
26,376,285,403,532
27,391,301,434,554
28,404,317,451,573
29,419,335,477,597
30,435,352,504,618
31,451,369,585,639
32,464,388,545,661
33,492,407,567,698
34,501,425,580,734
35,516,445,607,772
36,529,466,620,811
37,546,486,644,848
38,560,560,663,880
39,575,527,695,913
40,593,548,705,941
41,638,569,733,980
42,650,590,751,1014
43,667,613,786,1042
44,682,634,799,1070
45,700,657,831,1099
46,716,681,855,1123
47,736,705,889,1149
48,754,729,945,1175
49,802,753,931,1207
50,816,777,946,1238
51,834,804,986,1268
52,849,830,997,1346
53,865,856,1034,1326
54,881,884,1056,1354
55,900,912,1104,1387
56,918,941,1111,1410
57,943,970,1153,1440
58,960,995,1170,1465
59,976,1025,1214,1495
60,990,1057,1231,1524
61,1009,1088,1274,1550
62,1021,1117,1295,1580
63,1040,1151,1338,1607
64,1056,1179,1343,1634
65,1103,1210,1381,1674
66,1116,1241,1392,1711
67,1133,1272,1428,1750
68,1147,1305,1434,1785
69,1166,1340,1479,1824
70,1179,1371,1486,1859
71,1195,1406,1531,1896
72,1215,1437,1526,1932
73,1288,1472,1579,1974
74,1302,1508,1588,2004
75,1319,1542,1630,2041
76,1337,1578,1633,2076
77,1355,1613,1681,2110
78,1372,1650,1691,2143
79,1417,1686,1710,2183
80,1435,1753,1763,2241
81,1462,1797,1823,2282
82,1480,1818,1815,2308
83,1495,1869,1892,2355
84,1520,1909,1875,2383
85,1535,1941,1924,2413
86,1554,1991,1934,2444
87,1584,2022,2006,2486
88,1591,2056,1985,2501
89,1622,2103,2057,2555
90,1636,2149,2048,2579
91,1651,2213,2132,2606
92,1685,2247,2109,2639
93,1717,2282,2166,2673
94,1709,2297,2166,2683
95,1732,2360,2213,2716
96,1727,2416,2207,2738
97,1809,2420,2282,2803
98,1829,2511,2302,2848
99,1814,2539,2356,2864
100,1863,2591,2356,2918
101,1880,2647,2446,2966
102,1862,2659,2382,2945
103,1911,2697,2480,3017
104,1911,2731,2431,3058
105,1989,2778,2506,3045
106,2003,2832,2516,3086
107,2024,2879,2572,3113
108,2045,2951,2581,3149
109,2055,2978,2640,3184
110,2080,3024,2641,3215
111,2095,3074,2701,3241
112,2127,3125,2682,3274
113,2206,3170,2758,3308
114,2219,3224,2764,3346
115,2239,3280,2830,3378
116,2265,3325,2817,3411
117,2281,3378,2897,3443
118,2300,3432,2900,3477
119,2322,3485,2968,3513
120,2346,3536,2947,3546
121,2332,3589,3027,3575
122,2346,3641,3038,3611
123,2367,3701,3093,3645
124,2389,3757,3095,3676
125,2410,3808,3157,3708
126,2427,3865,3173,3741
127,2448,3927,3223,3778
128,2465,3981,3213,3806
129,2547,4037,3280,3850
130,2560,4092,3294,3891
131,2580,4159,3340,3929
132,2598,4222,3341,3966
133,2623,4278,3409,4006
134,2637,4339,3413,4046
135,2673,4390,3472,4095
136,2685,4459,3455,4128
137,2854,4512,3539,4171
138,2875,4579,3533,4210
139,2896,4635,3604,4247
140,2918,4698,3582,4287
141,2942,4762,3663,4325
142,2964,4825,3654,4361
143,2986,4887,3724,4404
144,3007,4948,3692,4441
145,3090,5071,3829,4541
146,3127,5154,3817,4590
147,3170,5159,3874,4598
148,3160,5258,3862,4643
149,3192,5306,3944,4673
150,3208,5419,3953,4718
151,3258,5416,4016,4749
152,3278,5553,3991,4862
153,3303,5525,4078,4803
154,3306,5602,4048,4854
155,3303,5679,4150,4905
156,3308,5733,4099,4924
157,3339,5833,4204,5024
158,3353,5868,4184,5013
159,3392,5968,4287,5047
160,3412,6021,4224,5070
161,3493,6083,4337,5113
162,3547,6240,4303,5153
163,3552,6292,4415,5202
164,3582,6324,4371,5251
165,3600,6378,4486,5272
166,3650,6544,4496,5332
167,3688,6530,4566,5418
168,3746,6607,4496,5396
169,3889,6691,4626,5494
170,3916,6770,4603,5535
171,3944,6830,4724,5513
172,3971,6972,4666,5551
173,4023,7044,4778,5591
174,4030,7067,4751,5668
175,4047,7193,4850,5723
176,4082,7229,4782,5730
177,4232,7309,4967,5735
178,4267,7387,4884,5772
179,4340,7461,4999,5811
180,4317,7542,4948,5911
181,4338,7617,5115,5886
182,4367,7752,5032,5926
183,4417,7773,5146,5962
184,4413,7856,5131,5999
185,4311,7935,5202,6041
186,4331,8011,5230,6073
187,4359,8149,5248,6113
188,4384,8166,5210,6194
189,4407,8252,5359,6240
190,4437,8334,5348,6218
191,4465,8508,5389,6254
192,4487,8527,5406,6287
193,4615,8670,5470,6334
194,4639,8695,5439,6417
195,4660,8743,5597,6409
196,4746,8880,5492,6444
197,4715,8910,5640,6487
198,4800,9038,5590,6531
199,4759,9087,5696,6622
200,4777,9226,5624,6605
201,5157,9249,5766,6696
202,5176,9396,5733,6680
203,5201,9421,5822,6782
204,5228,9556,5793,6759
205,5259,9588,5907,6853
206,5314,9729,5876,6833
207,5311,9820,6046,6875
208,5339,9965,5898,6910
209,5476,10056,6045,6949
210,5510,10086,6011,6990
211,5591,10182,6125,7029
212,5560,10210,6114,7079
213,5590,10348,6188,7108
214,5638,10392,6167,7203
215,5653,10486,6293,7189
216,5671,10573,6202,7279
217,5630,10719,6335,7267
218,5598,10752,6354,7303
219,5618,10850,6407,7403
220,5703,10995,6355,7389
221,5679,11036,6483,7428
222,5706,11183,6468,7528
223,5790,11289,6559,7517
224,5780,11388,6483,7565
225,5917,11428,6689,7612
226,5946,11521,6610,7712
227,5983,11670,6710,7696
228,6052,11755,6659,7737
229,6029,11800,6829,7783
230,6120,11893,6752,7868
231,6151,12056,6865,7854
232,6122,12089,6852,7895
233,6493,12185,6977,7930
234,6518,12279,6892,8030
235,6546,12385,7002,8044
236,6595,12523,6961,8049
237,6651,12634,7078,8084
238,6631,12731,7056,8124
239,6730,12758,7174,8158
240,6692,12856,7131,8196
241,6968,12960,7269,8237
242,6985,13064,7245,8280
243,7024,13166,7333,8317
244,7075,13277,7309,8361
245,7120,13381,7432,8404
246,7150,13564,7363,8498
247,7182,13647,7454,8539
248,7219,13782,7420,8534
249,6978,13905,7527,8633
250,7081,14011,7534,8661
251,7130,14121,7604,8649
252,7147,14243,7591,8681
253,7341,14357,7684,8782
254,7095,14445,7681,8816
255,7225,14702,7745,8833
256,7293,14669,7713,8843
257,7939,14746,7871,8934
258,7459,14974,7805,8986
259,7573,15150,7951,8967
260,8128,15222,7928,9018
261,8145,15527,7974,9063
262,7897,15677,7982,9167
263,7751,15722,8059,9147
264,8302,15741,8077,9256
265,8540,16143,8142,9296
266,8255,16248,8118,9281
267,8354,16208,8202,9388
268,8754,16577,8167,9382
269,8881,16434,8304,9411
270,8411,16738,8273,9494
271,8566,16773,8377,9506
272,8963,16978,8352,9545
273,9078,17144,8446,9639
274,8775,17244,8426,9630
275,8868,17328,8527,9677
276,9257,17349,8446,9723
277,9387,17499,8644,9764
278,8973,17657,8569,9854
279,9046,17893,8738,9859
280,9424,17997,8581,9947
281,9720,18167,8794,9950
282,9264,18237,8668,10043
283,9331,18403,8890,10030
284,9818,18462,8726,10066
285,9870,18640,8918,10164
286,9410,18704,8861,10204
287,9461,18889,8980,10185
288,9916,18997,8927,10229
289,10105,19085,9058,10332
290,9751,19177,9008,10326
291,9715,19358,9136,10418
292,10231,19455,9027,10409
293,10307,19618,9211,10452
294,9848,19737,9154,10543
295,9904,19833,9285,10605
296,10332,19979,9223,10587
297,10601,20102,9404,10634
298,10120,20218,9277,10731
299,10153,20345,9464,10768
300,10703,20463,9319,10761
301,10740,20608,9550,10794
302,10290,20692,9454,10887
303,10329,20867,9594,10936
304,10829,20955,9499,10923
305,10982,21075,9725,10977
306,10591,21228,9643,11015
307,10572,21327,9740,11119
308,11088,21492,9606,11165
309,11178,21646,9847,11158
310,10699,21791,9768,11247
311,10722,21876,9933,11268
312,11200,22020,9747,11334
313,11400,22130,10001,11387
314,10964,22258,9924,11441
315,11064,22397,10128,11421
316,11581,22555,9941,11468
317,11555,22686,10124,11563
318,11123,22858,10053,11554
319,11173,22879,10198,11637
320,11650,23072,10057,11724
321,11857,23196,10310,11717
322,11410,23333,10160,11778
323,11503,23464,10458,11781
324,12033,23560,10271,11823
325,12082,23672,10500,11854
326,11625,23863,10447,11907
327,11611,24000,10538,11950
328,12138,24129,10426,11992
329,12352,24273,10629,12021
330,11869,24349,10504,12131
331,11899,24556,10725,12126
332,12458,24615,10529,12149
333,12489,24759,10759,12205
334,12019,24916,10678,12283
335,12057,25069,10843,12347
336,12660,25191,10713,12320
337,12850,25368,10975,12371
338,12330,25518,10780,12498
339,12417,25649,11018,12514
340,13001,25790,10815,12494
341,12987,25899,11069,12528
342,12516,26012,10983,12575
343,12531,26153,10966,12643
344,13071,26309,10972,12693
345,13300,26430,11303,12747
346,12795,26632,11071,12836
347,12819,26764,11231,12816
348,13437,26859,11141,12841
349,13468,27012,11387,12899
350,12970,27132,11275,12989
351,13052,27344,11528,12968
352,13662,27463,11367,13032
353,13840,27775,11579,13071
354,13263,27770,11412,13157
355,13290,27913,11630,13135
356,13931,28016,11459,13193
357,13971,28158,11722,13236
358,13493,28323,11695,13278
359,13479,28451,11808,13375
360,14104,28647,11616,13361
361,14312,28745,11848,13462
362,13749,29008,11726,13537
363,13810,29097,11997,13503
364,14474,29239,11801,13571
365,14450,29377,12025,13593
366,13903,29478,11980,13624
367,13987,29782,12140,13646
368,14596,29854,11911,13763
369,14744,29933,12235,13788
370,14202,30143,12065,13823
371,14304,30283,12315,13837
372,14894,30422,12119,13895
373,14991,30584,12336,13923
374,14364,30705,12300,13993
375,14421,30858,12450,14018
376,15070,31004,12302,14041
377,15345,31234,12474,14137
378,14704,31318,12345,14184
379,14735,31492,12557,14206
380,15409,31612,12479,14281
381,15464,31792,12689,14290
382,14847,31893,12502,14314
383,14897,32075,12727,14389
384,15482,32236,12576,14415
385,15801,32389,12813,14479
386,15228,32570,12682,14485
387,15264,32750,12906,14509
388,15966,32821,12809,14565
389,16032,32964,12982,14600
390,15378,33160,12891,14645
391,15488,33330,13124,14699
392,16085,33517,12981,14751
393,16361,33652,13188,14810
394,15718,33806,12976,14848
395,15743,33989,13240,14972
396,16476,34095,13109,14968
397,16525,34353,13375,14939
398,15886,34478,13263,15006
399,15907,34616,13476,15072
400,16634,34758,13300,15115
401,16864,34976,13509,15183
402,16258,35094,13444,15149
403,16311,35245,13663,15210
404,17020,35388,13408,15297
405,17060,35535,13753,15343
406,16396,35773,13517,15450
407,16481,35862,13977,15567
408,17220,36073,13552,15470
409,17424,36203,13928,15452
410,16794,36400,13652,15539
411,16818,36543,13961,15616
412,17551,36751,13833,15650
413,17656,36927,14025,15711
414,16884,37048,13937,15722
415,16918,37243,14191,15739
416,17738,37386,14003,15833
417,18049,37546,14204,15879
418,17260,37693,14106,15921
419,17306,37950,14341,15937
420,18149,38074,14089,15955
421,18221,38264,14409,16050
422,17407,38457,14344,16103
423,17446,38582,14517,16117
424,18277,38659,14311,16179
425,18550,38968,14644,16214
426,17868,39106,14507,16218
427,17864,39308,14716,16245
428,18717,39378,14445,16301
429,18738,39604,14757,16385
430,18009,39800,14728,16379
431,18010,39973,14834,16434
432,18902,40096,14631,16535
433,19106,40330,14986,16538
434,18358,40528,14751,16585
435,18358,40653,15012,16648
436,19304,40792,14815,16729
437,19353,41022,15235,16671
438,18550,41180,14944,16793
439,18613,41345,15204,16831
440,19457,41494,15082,16872
441,19693,41717,15285,16877
442,18873,41851,15256,17191
443,18917,42079,15367,16940
444,19745,42187,15137,17039
445,19836,42444,15451,17116
446,19058,42573,15388,17125
447,19074,42812,15522,17169
448,19928,42963,15367,17283
449,20176,43097,15660,17239
450,19404,43331,15422,17286
451,19466,43460,15697,17341
452,20325,43629,15522,17391
453,20384,43873,15817,17403
454,19588,44013,15761,17481
455,19576,44173,15896,17507
456,20505,44411,15730,17549
457,20723,44589,15990,17627
458,19880,44690,15817,17681
459,19908,44884,16088,17696
460,20812,45129,15989,17748
461,20796,45293,16188,17792
462,20062,45501,16028,17814
463,20078,45657,16258,17902
464,21030,45907,16053,17871
465,21309,46064,16385,17979
466,20469,46238,16230,18010
467,20531,46417,16485,18086
468,21414,46610,16362,18110
469,21534,46731,16605,18126
470,20643,46989,16531,18189
471,20684,47137,16676,18172
472,21675,47355,16467,18279
473,21877,47577,16748,18318
474,20921,47727,16686,18327
475,21056,47902,16875,18413
476,22003,48073,16760,18398
477,22088,48308,16956,18459
478,21181,48496,16888,18495
479,21181,48621,17001,18558
480,22248,48848,16767,18645
481,22403,49016,17134,18656
482,21434,49220,16937,18744
483,21511,49481,17167,18738
484,22475,49591,17052,18799
485,22512,49793,17235,18866
486,21591,49970,17257,18841
487,21670,50189,17332,18955
488,22654,50408,17209,19014
489,23015,50620,17456,19011
490,22005,50770,17306,19038
491,22046,50937,17511,19145
492,23091,51110,17457,19109
493,23188,51401,17575,19221
494,22150,51570,17537,19234
495,22199,51770,17698,19290
496,23286,51985,17540,19389
497,23627,52199,17800,19410
498,22585,52430,17694,19436
499,22594,52565,17935,19439
500,23783,52822,17730,19481
