n,Baseline (copy+sort),Find SIMD (O1),Find SIMD (O2),Find SIMD (O3),Find SIMD (Os),Find SIMD (Oz),Heap Cache (O1),Heap Cache (O2),Heap Cache (O3),Heap Cache (Os),Heap Cache (Oz),Tournament Tree (O1),Tournament Tree (O2),Tournament Tree (O3),Tournament Tree (Os),Tournament Tree (Oz)
3,0,0,0,0,0,0,0,0,0,0,0,0,0,0,0,0
4,0,0,0,0,0,0,0,0,0,1,1,0,0,0,0,0
5,0,0,0,0,0,0,0,0,0,1,1,0,0,0,0,0
6,1,0,0,0,0,0,0,0,0,1,1,0,1,0,0,1
7,1,0,1,0,0,0,0,0,0,2,2,1,1,1,1,1
8,1,1,1,1,1,1,1,0,1,3,2,1,1,1,1,1
9,1,1,1,1,1,1,1,1,1,3,3,1,1,1,1,1
10,2,1,1,1,1,1,1,1,1,4,4,2,2,1,1,2
11,2,1,1,1,1,1,1,1,1,4,4,2,2,2,2,2
12,2,1,1,1,1,1,1,1,2,5,5,2,2,2,2,2
13,2,1,2,1,1,1,2,1,2,6,6,2,2,2,2,3
14,3,2,2,2,2,2,2,2,2,6,6,3,3,2,2,3
15,3,2,2,2,2,2,2,2,2,7,7,3,3,3,2,3
16,3,2,2,2,2,2,2,2,2,8,7,3,3,3,3,3
17,3,2,2,2,2,2,3,2,3,8,8,3,3,3,3,4
18,3,2,2,2,2,2,3,2,3,9,9,4,4,4,3,4
19,3,2,3,2,2,2,3,3,3,10,10,4,4,4,4,4
20,4,3,3,2,2,3,3,3,4,11,10,4,5,4,4,5
21,4,3,3,3,3,3,4,3,4,11,11,5,5,5,4,5
22,4,3,3,3,3,3,4,3,4,12,12,5,5,5,5,5
23,4,3,3,3,3,3,4,3,4,13,13,6,6,5,5,6
24,5,3,3,3,3,3,5,4,5,14,14,6,6,6,5,6
25,5,3,4,3,3,3,5,4,5,15,14,6,6,6,5,6
26,5,4,4,4,4,4,5,4,5,15,15,7,6,6,5,7
27,5,4,4,4,4,4,6,4,5,16,16,7,7,7,6,7
28,6,4,4,4,4,4,6,5,6,17,17,7,7,7,6,7
29,6,4,4,4,4,4,6,5,6,18,18,7,7,7,6,8
30,6,4,4,4,4,4,7,5,6,19,19,8,7,7,6,8
31,6,4,4,4,4,4,7,6,6,20,20,8,8,8,7,8
32,6,5,5,4,4,4,7,6,7,21,21,8,8,8,7,9
33,7,5,5,5,5,5,7,6,7,22,21,9,8,8,7,9
34,7,5,5,5,5,5,8,6,8,22,22,9,9,9,8,9
35,7,5,5,5,5,5,8,6,8,23,23,10,10,9,8,10
36,7,5,5,5,5,5,8,7,8,24,24,10,10,10,9,10
37,7,6,6,5,5,5,8,7,9,25,25,10,11,10,9,11
38,8,6,6,6,6,6,9,7,9,26,26,11,11,11,9,11
39,8,6,6,6,6,6,9,8,9,27,27,11,12,11,10,11
40,8,6,6,6,6,6,10,8,10,28,28,11,12,11,10,12
41,8,6,6,6,6,6,10,8,10,29,28,12,13,12,11,12
42,9,7,7,6,7,7,10,8,10,30,29,12,13,12,11,13
43,9,7,7,7,7,7,11,9,11,31,31,13,13,13,11,13
44,9,7,7,7,7,7,11,9,11,32,32,13,14,13,12,13
45,9,7,7,7,7,7,11,9,11,33,33,14,14,13,12,14
46,10,7,7,7,7,7,12,9,12,34,34,14,15,14,12,14
47,10,7,7,7,7,7,12,10,12,35,35,14,15,14,13,15
48,10,8,8,8,8,8,12,10,12,36,36,15,15,14,13,15
49,10,8,8,8,8,8,13,10,12,37,37,15,16,15,14,15
50,10,8,8,8,8,8,13,11,13,38,38,15,16,15,14,16
51,10,8,8,8,8,8,14,11,13,39,39,16,17,16,14,16
52,11,9,9,8,8,9,14,11,13,40,40,16,17,16,15,16
53,11,9,9,9,9,9,14,11,14,41,41,16,18,16,15,17
54,11,9,9,9,9,9,15,12,14,42,42,17,18,17,15,17
55,11,9,9,9,9,9,15,12,14,43,43,17,18,17,16,18
56,12,9,9,9,9,9,16,12,15,44,44,17,19,17,16,18
57,12,10,10,10,9,10,16,13,15,45,45,18,19,18,17,18
58,12,10,10,10,10,10,17,13,15,46,46,18,19,18,17,19
59,12,10,10,10,10,10,17,13,16,47,47,19,20,18,17,19
60,13,10,10,10,10,10,18,14,16,48,48,19,20,19,18,20
61,13,10,10,10,10,10,18,14,16,49,49,19,21,19,18,20
62,13,11,11,11,11,11,19,14,17,51,50,19,21,19,18,20
63,13,11,11,11,11,11,19,15,17,52,52,20,21,20,18,21
64,14,11,11,11,11,11,20,15,17,54,54,20,22,20,19,21
65,14,12,12,12,11,12,20,15,18,53,53,21,22,21,19,22
66,14,12,12,12,11,12,20,16,18,56,54,21,23,21,20,22
67,14,12,12,12,12,12,20,16,19,55,56,22,23,22,20,22
68,15,12,12,12,12,12,21,16,19,56,56,22,24,22,21,23
69,14,12,13,12,12,12,21,16,19,57,57,23,24,23,21,23
70,15,13,13,13,12,13,22,17,20,58,58,23,25,23,21,24
71,15,13,13,13,12,13,22,17,20,59,59,24,25,24,22,24
72,15,13,13,13,12,13,22,17,21,60,60,24,26,24,22,25
73,16,13,14,14,13,13,23,18,21,61,63,25,26,25,23,25
74,16,14,14,14,13,14,23,18,22,63,62,25,27,25,23,26
75,16,14,14,14,13,14,23,18,22,64,64,26,27,26,23,26
76,17,14,14,14,14,14,24,19,23,65,65,26,28,26,24,27
77,16,14,15,14,14,14,24,19,23,66,66,26,28,27,24,27
78,17,14,15,15,14,14,25,19,24,67,67,27,29,27,25,27
79,17,15,15,15,14,15,25,20,24,68,68,28,29,27,25,28
80,17,15,15,15,14,15,25,20,24,69,69,28,30,28,25,28
81,17,15,16,15,15,15,26,20,24,70,70,29,30,28,26,29
82,18,16,16,15,15,16,26,21,25,71,71,29,31,29,26,30
83,18,16,16,16,15,16,27,21,25,73,72,30,31,29,27,30
84,18,16,17,16,15,16,27,21,26,73,73,30,32,30,27,30
85,18,16,16,16,16,16,27,22,26,75,75,31,32,30,28,31
86,19,16,17,16,16,17,28,22,27,76,76,31,33,31,28,31
87,18,17,17,17,16,17,28,23,27,77,77,31,33,32,29,32
88,19,17,17,17,16,17,29,23,27,78,77,32,33,32,29,32
89,19,18,18,17,17,18,29,23,27,79,79,33,34,32,29,33
90,20,18,18,18,17,18,29,23,28,81,80,33,34,33,30,33
91,19,18,18,18,17,18,30,24,28,82,82,33,35,33,30,34
92,20,18,18,18,18,18,30,24,29,83,83,34,35,34,31,34
93,20,19,19,18,18,19,31,25,29,84,83,34,36,34,31,35
94,20,19,19,18,18,19,31,25,30,85,85,35,37,34,31,35
95,20,19,19,18,18,19,32,25,30,87,87,35,37,35,32,35
96,21,19,19,19,18,19,32,26,30,87,87,36,37,35,32,36
97,21,20,20,19,19,20,32,26,31,89,88,36,38,36,33,36
98,22,20,20,20,19,20,33,26,31,89,89,37,38,36,33,37
99,21,20,20,20,19,20,33,27,31,91,90,37,39,36,34,37
100,22,20,20,20,20,21,34,27,32,92,92,38,39,37,34,38
101,22,20,21,20,20,21,34,27,32,93,92,38,40,37,34,38
102,22,21,21,20,20,21,35,28,32,94,93,39,40,38,35,39
103,22,21,21,21,20,21,35,28,33,95,96,39,41,38,35,39
104,23,21,21,21,20,21,35,29,33,96,96,39,41,39,36,40
105,23,22,22,21,21,22,36,29,33,98,97,40,41,39,36,40
106,23,22,22,21,21,23,36,29,34,98,98,41,42,39,36,41
107,23,22,22,22,21,23,37,30,34,100,100,41,42,40,37,41
108,24,22,23,22,21,23,37,30,35,101,101,41,43,40,37,42
109,23,23,23,22,21,23,38,30,35,103,102,42,43,41,38,42
110,24,23,23,22,22,23,38,31,36,103,104,42,44,41,38,42
111,24,23,23,23,22,24,39,31,36,104,105,43,44,41,39,43
112,25,23,23,23,22,24,39,31,36,106,106,43,45,42,39,43
113,25,24,24,23,23,25,39,32,36,107,107,44,45,42,39,44
114,25,24,24,23,23,25,40,32,37,108,108,44,46,43,40,44
115,25,25,24,24,23,25,40,32,37,109,109,44,46,43,40,45
116,26,25,24,24,23,25,41,33,38,110,110,45,46,43,40,45
117,25,25,25,24,24,26,41,33,38,112,112,45,47,44,41,46
118,26,25,25,24,24,26,42,34,39,113,112,46,47,44,41,46
119,26,25,25,24,24,26,42,34,39,114,114,46,48,45,42,46
120,27,26,25,25,24,26,43,34,39,115,115,47,48,45,42,47
121,26,26,26,25,25,27,43,35,39,116,116,47,49,45,43,47
122,27,27,26,25,25,27,44,35,40,118,118,48,49,46,43,48
123,27,27,26,25,25,27,44,35,40,119,119,48,49,46,44,48
124,28,27,26,26,25,28,45,36,41,120,120,48,50,46,44,49
125,27,27,27,26,26,28,45,36,41,121,121,49,50,47,44,49
126,28,27,27,26,26,28,46,37,41,123,123,49,51,47,44,49
127,28,28,27,26,26,28,46,37,42,124,124,50,51,48,45,50
128,28,28,27,26,26,28,46,38,42,125,125,50,51,48,45,50
129,28,29,29,28,27,29,47,38,43,127,126,51,52,49,46,51
130,29,29,29,28,27,30,48,38,43,127,127,51,53,49,46,51
131,29,29,29,28,27,30,48,38,43,129,129,52,53,50,47,52
132,29,29,29,28,27,30,48,40,44,130,130,52,54,50,47,52
133,29,30,29,29,28,30,49,39,45,131,130,53,54,51,47,53
134,30,30,30,29,28,31,49,40,45,133,132,53,55,51,48,53
135,29,30,30,29,28,31,49,40,46,133,133,54,55,52,48,54
136,31,30,30,29,28,31,50,40,46,134,135,54,56,53,49,54
137,30,31,31,30,29,32,50,41,46,136,137,55,56,53,49,55
138,30,32,31,30,29,32,51,41,47,137,136,55,57,54,49,55
139,30,32,31,30,30,32,51,41,47,139,138,56,57,54,50,56
140,31,32,31,31,30,32,51,42,48,139,139,56,58,55,50,57
141,31,32,32,31,30,33,52,43,48,140,140,57,58,55,51,57
142,31,32,32,31,30,33,52,43,49,142,142,57,59,56,51,57
143,31,33,32,31,30,33,52,43,49,143,143,58,59,56,52,58
144,32,33,32,31,31,33,53,43,50,144,144,58,60,57,52,58
145,32,34,33,32,32,35,53,43,50,145,145,59,60,57,52,59
146,32,34,33,32,31,35,54,44,51,146,146,59,61,58,53,59
147,32,34,33,33,32,35,54,44,51,147,148,60,61,59,54,60
148,33,34,34,33,32,35,54,45,52,148,148,60,62,59,54,60
149,33,35,34,33,32,36,55,45,52,151,150,61,62,60,54,61
150,34,35,34,34,32,36,55,46,53,151,151,61,64,60,55,61
151,33,35,34,33,33,36,56,46,53,152,153,62,63,61,55,62
152,34,35,34,34,33,36,56,46,54,154,154,62,64,61,56,62
153,34,37,35,34,34,38,57,46,54,155,156,63,64,62,56,63
154,34,37,36,35,34,38,57,47,55,157,156,63,65,62,56,63
155,34,37,36,35,34,38,58,47,55,157,157,64,65,63,58,63
156,35,37,36,35,34,38,58,48,56,158,158,64,66,63,57,64
157,34,38,36,35,34,39,59,48,56,160,162,65,66,64,58,64
158,35,38,36,36,35,39,59,49,56,161,161,65,67,64,58,65
159,35,38,37,36,35,39,60,50,56,163,163,66,67,65,58,65
160,36,38,37,36,35,39,60,49,57,163,163,66,68,65,60,66
161,36,39,38,37,36,41,60,49,58,165,164,66,69,66,59,66
162,36,40,38,37,36,41,61,50,58,166,166,67,69,66,60,67
163,36,40,38,37,36,41,61,51,58,167,167,68,69,67,60,68
164,37,40,38,37,36,41,62,51,60,169,172,68,70,67,61,68
165,36,40,39,38,37,42,62,51,59,169,170,69,70,68,61,69
166,37,40,39,38,38,42,63,51,60,171,170,69,71,68,62,69
167,37,41,39,38,37,42,63,51,60,172,172,70,72,69,62,70
168,37,41,39,38,37,42,64,53,60,174,177,72,72,70,62,70
169,37,42,40,39,38,44,64,52,60,175,174,71,72,70,63,70
170,38,42,40,40,39,44,65,53,61,176,176,71,73,70,63,71
171,38,43,40,40,39,45,65,53,62,177,177,72,73,71,64,71
172,39,43,41,40,39,45,66,53,62,179,183,72,74,71,64,72
173,38,43,41,40,40,45,66,54,62,180,180,73,75,72,65,73
174,39,43,41,40,40,45,67,54,63,181,181,73,75,72,65,73
175,39,44,42,41,40,45,67,55,63,182,182,74,76,72,66,73
176,40,44,42,41,40,46,67,55,64,184,189,74,77,73,66,74
177,39,45,42,42,41,47,68,55,64,185,185,75,77,74,66,74
178,40,46,43,42,41,48,68,56,64,187,187,75,77,74,67,75
179,40,46,43,42,41,47,68,56,65,188,187,76,78,75,67,75
180,40,46,43,42,41,48,69,56,65,189,194,76,78,76,68,76
181,40,46,44,43,42,48,69,57,66,190,190,77,79,76,68,77
182,41,47,44,43,42,48,70,57,66,192,191,77,79,76,69,77
183,41,47,44,43,42,49,70,57,66,193,192,78,80,77,69,78
184,42,47,44,43,42,49,71,58,67,195,200,78,81,77,70,79
185,41,48,45,44,43,50,71,58,67,195,196,79,81,78,70,78
186,42,49,45,44,44,50,72,59,68,197,196,79,81,78,70,79
187,41,49,46,45,44,51,72,60,68,198,199,80,82,79,71,79
188,42,49,46,45,44,51,73,59,68,201,205,80,82,79,71,80
189,42,49,46,45,44,51,73,60,69,201,201,81,83,80,72,80
190,43,50,46,45,44,51,74,60,70,204,202,81,83,80,72,81
191,43,50,47,45,45,52,74,61,70,204,204,82,84,80,73,82
192,43,50,47,46,45,52,75,61,71,206,210,82,84,81,73,82
193,43,52,48,47,46,53,75,62,70,206,206,83,85,82,74,83
194,44,52,48,47,46,54,76,62,71,208,208,83,85,82,74,83
195,43,52,48,47,46,54,76,62,71,210,209,84,86,83,75,84
196,44,52,48,48,47,54,77,62,72,209,210,84,86,83,75,85
197,44,53,49,48,47,55,77,63,72,211,210,86,87,84,75,85
198,45,53,49,48,47,55,78,63,73,212,213,85,87,84,76,85
199,44,53,50,48,48,55,79,64,73,213,215,86,88,84,76,86
200,45,54,50,49,48,55,79,64,74,214,214,86,88,85,77,86
201,45,55,51,50,49,57,79,65,74,216,217,87,89,86,78,87
202,46,57,51,50,49,57,79,65,75,219,217,87,89,86,78,87
203,46,56,51,50,49,58,80,65,75,219,219,88,90,87,78,88
204,46,56,52,50,49,58,80,66,75,221,220,88,90,87,79,88
205,46,56,52,50,50,58,81,66,77,221,221,89,91,87,79,89
206,47,57,52,51,50,59,82,67,76,222,224,89,91,88,80,89
207,46,57,53,51,50,59,82,67,77,224,224,90,92,89,80,90
208,47,57,53,51,50,59,83,68,77,225,227,90,93,89,81,90
209,47,59,54,53,51,61,83,68,77,226,227,91,93,90,81,92
210,49,59,54,53,52,62,84,69,78,228,228,91,93,90,82,91
211,47,59,54,53,52,62,84,69,78,229,230,92,94,91,82,92
212,48,60,55,53,52,62,84,69,79,232,230,92,95,91,82,92
213,48,60,55,54,53,63,85,70,80,232,232,94,95,91,83,93
214,49,60,56,54,53,63,85,71,80,233,234,93,96,92,83,94
215,48,60,55,54,53,63,86,72,80,234,235,94,96,92,84,94
216,50,61,56,54,54,63,87,71,81,235,238,94,97,93,84,95
217,48,63,57,55,55,65,87,72,81,237,238,95,97,94,85,95
218,50,63,57,56,55,65,88,73,82,238,240,95,98,94,85,95
219,49,63,57,56,56,65,88,73,82,242,241,96,98,95,86,96
220,50,64,58,56,56,66,89,73,82,242,242,96,99,95,86,97
221,49,64,58,56,56,66,89,74,83,243,244,96,99,95,87,97
222,51,64,58,57,56,67,90,74,83,244,245,97,100,96,88,97
223,50,65,59,57,56,67,90,76,84,246,246,98,100,96,88,98
224,51,65,59,57,57,67,91,75,84,247,247,98,101,97,89,98
225,50,66,60,58,58,69,91,76,84,248,248,98,101,97,88,99
226,51,67,60,59,58,70,92,76,85,249,250,99,102,98,89,100
227,51,67,61,59,58,71,92,76,85,251,251,100,102,99,89,100
228,52,67,61,59,59,70,93,77,86,252,253,100,103,99,90,101
229,52,68,61,59,59,71,93,77,86,254,254,100,103,99,90,102
230,53,68,62,60,60,71,94,78,87,254,255,101,104,100,91,102
231,52,68,61,61,59,71,94,79,87,256,256,102,104,101,91,102
232,53,68,62,60,60,72,94,79,88,257,257,103,105,101,92,103
233,53,71,63,61,61,73,95,79,88,259,259,102,106,102,92,103
234,54,71,63,62,61,73,96,80,89,260,260,103,107,102,93,104
235,53,71,64,62,62,74,96,80,89,261,262,103,106,102,93,105
236,54,72,64,62,62,75,97,81,89,263,263,104,107,103,94,105
237,53,72,64,63,62,74,97,81,90,264,265,105,107,103,94,105
238,55,72,64,63,62,76,98,82,91,265,266,105,108,104,94,106
239,54,72,65,63,63,75,98,82,91,267,267,106,110,104,95,106
240,55,73,65,63,63,75,99,83,92,268,269,106,109,105,96,107
241,54,75,67,64,65,78,99,83,91,270,270,106,109,105,96,107
242,56,75,67,65,65,78,100,83,92,271,272,107,110,107,96,108
243,55,75,67,65,65,78,100,84,92,273,273,107,110,106,97,108
244,56,76,67,65,65,78,101,84,93,274,275,108,111,107,97,109
245,55,76,68,66,65,80,101,85,93,277,276,109,112,107,98,109
246,57,76,68,66,66,79,102,86,94,277,277,109,112,108,98,110
247,56,77,68,66,66,79,102,86,94,278,279,109,113,108,99,110
248,57,77,68,66,66,80,103,87,95,279,280,110,113,109,99,111
249,56,80,70,68,68,85,103,87,95,281,282,110,114,110,99,111
250,58,80,70,68,68,85,104,87,95,283,283,111,115,110,100,112
251,57,81,70,68,68,86,105,88,96,284,285,112,115,110,100,112
252,59,81,71,69,69,86,105,88,96,285,286,112,116,111,101,113
253,57,81,71,69,69,86,105,89,97,287,287,112,116,111,101,113
254,59,82,71,69,69,87,106,89,97,288,288,113,116,112,102,114
255,58,82,71,70,69,87,107,90,98,289,291,113,117,112,102,115
256,59,83,71,70,70,88,107,90,98,290,292,114,117,113,103,115
257,58,83,73,72,73,88,108,90,99,293,292,115,119,114,103,116
258,59,84,74,72,73,88,108,91,99,293,294,115,118,115,104,116
259,59,84,74,72,73,88,109,91,99,295,295,116,119,115,104,117
260,60,84,74,73,73,89,109,92,100,296,297,117,119,115,105,117
261,59,85,74,73,74,89,110,92,101,298,298,117,120,116,105,118
262,60,85,75,73,74,90,110,93,101,299,300,117,121,116,106,118
263,59,86,75,74,75,90,110,93,102,301,302,118,122,117,107,119
264,61,86,75,74,75,90,111,93,103,302,302,119,122,118,107,120
265,60,89,78,76,77,92,111,94,103,303,303,119,123,119,107,120
266,62,90,78,76,77,92,112,94,104,304,305,121,123,119,108,121
267,61,90,79,76,77,92,112,94,104,305,306,121,124,120,108,121
268,62,91,78,77,78,93,113,95,105,307,306,121,124,121,109,122
269,61,91,79,77,78,93,113,96,105,308,309,122,125,121,109,122
270,62,91,79,77,78,94,114,96,106,309,310,122,126,122,110,123
271,61,92,80,77,80,94,114,96,107,310,311,123,126,122,110,124
272,63,92,80,78,79,94,114,97,107,312,313,123,127,123,111,124
273,62,95,80,78,79,97,115,97,107,313,314,124,127,123,111,125
274,63,96,81,79,79,97,115,97,108,314,315,124,128,124,112,125
275,62,96,81,79,80,98,116,98,109,316,317,125,128,125,112,126
276,64,97,81,79,80,98,116,99,109,318,317,126,129,125,113,126
277,63,97,83,80,81,99,117,99,109,319,319,126,130,126,113,127
278,64,97,83,80,81,99,117,99,111,320,320,127,130,126,114,128
279,63,98,83,80,81,99,118,99,111,322,322,127,131,127,114,128
280,64,98,83,81,81,99,118,100,111,323,323,128,131,128,115,128
281,64,98,84,82,82,102,119,101,112,324,323,128,132,128,115,130
282,66,98,85,83,82,102,119,101,113,325,325,129,133,129,116,130
283,64,98,85,83,82,102,120,101,113,327,327,130,133,129,117,130
284,66,98,85,83,83,103,120,102,113,328,328,130,134,130,117,131
285,65,98,86,84,83,103,121,102,114,329,329,131,134,130,117,131
286,66,99,86,84,84,103,121,102,115,331,332,131,135,131,118,132
287,66,99,86,84,84,104,121,103,115,332,333,132,135,132,118,132
288,66,100,86,84,84,104,122,104,116,334,334,132,136,133,119,133
289,66,103,88,86,87,109,123,104,116,335,336,133,136,133,119,133
290,67,104,88,87,87,109,123,104,117,336,338,134,137,133,120,135
291,66,104,88,86,87,109,123,104,117,338,339,134,138,134,120,135
292,68,104,89,87,88,110,123,105,118,339,339,135,138,135,121,135
293,66,105,89,87,88,110,124,105,118,340,341,135,139,135,121,136
294,68,105,89,87,88,111,125,106,119,341,342,137,139,136,122,136
295,68,106,91,88,89,111,125,106,120,343,344,136,140,136,122,137
296,69,106,90,88,89,111,125,107,120,345,345,137,141,138,123,138
297,68,107,93,90,92,113,126,107,121,346,345,138,141,138,123,138
298,69,107,92,90,92,113,127,108,121,347,349,138,142,139,123,139
299,68,108,93,90,92,113,127,108,121,348,350,139,142,139,124,139
300,70,108,93,90,93,113,127,108,122,349,351,140,143,140,125,140
301,69,108,93,91,93,114,128,109,123,352,352,140,143,140,125,140
302,70,109,94,92,93,114,128,109,123,353,353,141,144,141,126,142
303,69,109,94,91,94,115,129,109,124,355,356,141,145,141,126,142
304,71,110,94,92,94,115,129,110,124,356,356,141,145,142,127,142
305,69,113,95,93,96,118,130,110,125,357,358,142,146,143,127,142
306,71,114,96,94,96,119,131,111,125,358,358,143,146,143,127,143
307,70,114,96,94,96,120,131,111,125,360,360,144,147,144,128,144
308,72,114,96,94,97,119,131,112,126,361,362,144,148,144,128,144
309,70,115,97,95,97,120,132,112,127,363,363,144,148,145,129,145
310,72,116,97,95,97,121,132,112,127,364,364,145,149,145,130,145
311,71,116,98,95,97,121,133,113,127,365,366,146,149,146,130,146
312,72,116,98,96,98,121,133,113,128,366,367,146,150,147,131,147
313,72,119,100,97,101,124,134,114,129,368,368,147,151,147,131,147
314,73,120,100,98,101,125,134,114,129,369,370,147,151,148,132,148
315,73,120,101,98,102,125,135,115,130,371,372,148,152,149,132,148
316,74,120,101,98,102,125,135,115,130,373,374,148,152,149,133,149
317,72,121,101,99,102,126,136,115,130,375,375,149,153,150,133,150
318,74,122,101,99,103,126,137,116,131,376,375,150,153,150,134,150
319,73,122,101,99,103,127,137,116,131,377,378,150,154,151,134,151
320,74,122,102,100,103,127,137,117,132,378,379,151,154,151,135,151
321,73,125,103,101,106,129,138,117,132,379,380,151,155,152,135,152
322,75,126,104,101,105,129,138,118,133,380,382,152,156,152,135,152
323,74,126,104,102,106,130,139,118,133,382,383,152,156,153,136,153
324,76,127,105,102,106,130,140,119,134,384,385,153,157,154,137,153
325,74,127,104,103,107,131,140,119,134,385,386,154,157,154,137,154
326,76,128,105,103,107,131,141,119,135,386,387,154,158,155,137,154
327,75,128,105,103,107,131,141,119,135,388,388,155,159,155,138,155
328,76,129,105,103,108,132,141,120,136,389,390,155,159,156,138,156
329,75,131,109,106,108,133,142,120,136,391,391,156,160,157,139,156
330,78,131,109,106,108,133,142,121,136,392,392,157,161,157,140,157
331,76,132,109,106,109,134,143,121,137,394,393,157,161,158,140,157
332,77,132,110,106,109,134,143,122,137,394,395,158,162,158,140,158
333,76,133,110,107,110,134,144,122,138,397,396,158,162,159,141,158
334,78,133,110,108,110,135,145,123,139,397,399,159,163,159,141,159
335,77,133,111,108,110,135,145,123,139,400,400,160,163,160,142,159
336,80,134,111,108,111,136,145,124,139,400,401,160,164,161,142,160
337,77,135,113,109,113,139,145,124,139,401,403,161,164,161,143,161
338,79,135,113,110,113,139,146,124,140,404,403,161,165,162,143,161
339,78,135,113,110,113,140,146,125,141,404,406,162,165,162,144,162
340,79,136,113,111,114,140,147,125,141,406,408,163,166,163,145,162
341,78,136,114,111,114,140,147,126,141,408,408,163,167,164,145,163
342,80,136,115,111,114,141,148,126,142,408,409,164,167,164,145,163
343,79,137,114,112,115,141,148,126,142,410,412,164,168,165,146,164
344,81,137,115,112,115,142,149,127,143,412,412,165,168,165,146,165
345,79,142,116,113,119,143,149,127,144,413,413,166,169,166,147,165
346,81,142,117,114,120,144,151,128,144,415,415,166,170,166,147,166
347,80,143,118,115,120,144,150,128,144,416,418,167,170,167,148,166
348,81,143,118,114,120,145,151,129,145,418,419,167,171,167,148,167
349,80,144,118,115,121,145,152,129,145,419,419,168,171,168,149,167
350,82,144,119,115,121,146,152,130,146,420,421,168,172,169,149,168
351,80,145,119,115,121,146,153,130,146,422,424,169,172,169,150,169
352,82,145,119,116,122,146,153,131,147,423,424,170,173,170,150,169
353,81,145,121,118,119,149,154,131,147,424,426,170,173,170,151,169
354,83,145,121,119,120,150,154,131,147,427,427,170,174,171,151,170
355,82,146,123,119,120,150,155,132,148,428,429,171,175,172,152,171
356,84,146,122,119,120,150,155,132,148,429,430,172,175,172,152,171
357,82,147,122,119,121,151,156,133,149,430,432,172,176,173,153,172
358,84,147,123,119,121,151,156,133,149,432,432,173,176,173,153,172
359,83,147,123,120,121,152,157,134,150,433,435,174,177,174,153,173
360,84,148,124,121,122,152,157,134,150,435,436,174,177,174,154,173
361,83,150,125,122,124,155,158,134,151,436,437,175,178,175,154,174
362,84,150,125,123,124,155,159,135,151,438,440,175,179,175,155,174
363,84,151,126,123,125,156,159,135,151,438,440,176,179,176,155,175
364,85,151,127,123,125,156,159,136,152,441,441,176,180,177,156,176
365,84,152,126,123,125,157,160,136,152,443,443,177,180,177,157,176
366,86,152,127,124,126,157,161,137,153,443,445,177,181,178,157,177
367,85,153,128,124,126,158,161,137,153,446,446,178,181,178,157,177
368,86,153,127,125,126,158,162,138,154,447,449,178,182,179,158,178
369,85,156,129,127,129,160,162,138,154,448,449,179,183,179,159,178
370,87,156,130,127,129,160,163,139,155,450,450,180,183,180,159,179
371,85,157,130,127,129,161,163,139,155,451,453,180,184,181,160,179
372,88,157,130,128,129,161,164,140,156,453,454,181,184,181,160,180
373,86,158,131,128,130,162,164,140,156,454,456,181,185,182,160,181
374,87,158,131,128,130,162,165,140,156,455,457,182,185,182,161,181
375,87,158,132,129,131,162,165,141,157,457,457,182,186,183,162,182
376,89,159,132,129,131,163,166,141,157,459,460,183,186,183,162,182
377,87,161,135,131,133,166,166,141,158,460,463,184,187,184,162,183
378,89,162,135,131,133,166,167,142,158,462,462,184,188,185,163,183
379,87,163,135,132,134,167,167,143,159,463,464,185,188,185,164,184
380,89,163,135,133,134,167,168,143,159,465,466,185,189,186,164,184
381,88,163,136,133,135,168,168,143,159,466,467,186,189,186,164,185
382,91,164,136,134,135,168,169,144,160,468,469,186,190,187,165,186
383,88,164,138,134,135,169,170,144,160,469,471,187,191,187,166,186
384,90,165,137,134,136,169,170,145,161,471,471,188,191,188,166,187
385,89,168,138,135,138,172,171,145,161,480,474,188,192,189,167,187
386,90,168,138,135,138,173,171,146,162,474,485,189,192,189,167,188
387,89,169,139,136,139,173,172,146,162,483,476,189,193,190,168,188
388,91,169,139,136,139,174,172,146,163,476,477,190,193,190,168,189
389,90,169,139,137,139,174,173,147,163,477,479,190,194,191,168,190
390,91,170,140,137,140,174,173,148,164,478,480,191,195,192,169,190
391,90,170,140,137,140,175,173,148,164,480,482,192,195,192,169,191
392,92,171,141,138,140,175,174,148,165,482,493,192,196,193,170,191
393,91,174,144,141,143,178,174,149,165,490,484,193,196,193,171,192
394,93,174,145,142,143,179,175,149,166,485,497,193,197,194,171,192
395,91,175,145,141,143,179,176,149,166,494,488,194,198,194,171,193
396,93,175,145,142,144,180,176,150,167,488,489,194,198,195,172,193
397,91,176,145,142,144,180,177,150,167,489,490,195,198,195,172,194
398,94,176,146,143,145,181,177,151,168,490,491,196,199,196,173,195
399,92,177,146,143,145,181,178,151,168,492,494,196,200,197,174,195
400,93,177,146,143,145,181,178,152,168,494,505,197,200,197,174,196
401,92,180,148,145,148,185,179,152,169,503,495,197,201,198,175,196
402,95,181,148,145,148,185,179,153,169,496,508,198,201,199,175,197
403,93,181,149,147,148,186,180,153,170,506,499,199,202,199,176,197
404,95,181,150,147,149,186,180,153,170,498,499,199,202,200,176,198
405,94,182,150,146,149,187,181,154,171,500,500,200,203,200,177,199
406,95,183,150,147,149,187,181,154,172,501,503,200,203,201,177,199
407,94,183,150,147,150,188,182,155,172,503,506,201,204,201,177,200
408,96,183,151,148,150,188,182,155,172,505,518,202,205,202,178,200
409,95,186,154,150,153,191,182,155,173,514,508,202,205,202,179,201
410,97,187,154,150,153,192,184,156,173,507,520,203,206,203,179,201
411,95,187,154,151,153,192,184,156,173,517,510,203,206,203,180,202
412,98,188,154,151,154,193,184,157,174,511,511,204,207,204,180,202
413,96,188,154,152,154,193,185,157,175,511,513,204,207,204,181,203
414,98,189,155,152,155,194,186,158,175,513,514,205,208,205,181,204
415,96,189,155,152,155,194,186,158,176,514,517,205,209,206,181,204
416,98,190,156,152,155,195,186,159,176,517,529,206,209,206,182,205
417,97,193,158,155,158,198,187,159,176,526,519,207,210,207,182,206
418,100,193,159,155,159,198,188,160,177,519,532,207,210,207,183,206
419,97,194,159,155,159,199,189,160,177,529,522,208,211,208,184,206
420,99,194,159,156,160,199,188,161,178,522,523,208,212,209,184,207
421,97,195,159,156,160,200,190,161,178,522,524,209,212,209,184,208
422,100,195,160,156,161,200,190,161,180,525,525,209,213,210,185,208
423,98,196,160,157,161,201,190,162,180,526,529,210,213,210,185,209
424,100,196,160,157,162,201,190,162,180,529,540,211,214,211,186,209
425,98,200,163,160,164,205,191,163,180,539,529,211,214,211,186,210
426,101,200,163,160,164,205,192,163,181,530,543,212,215,212,187,210
427,99,201,164,161,165,205,193,164,181,540,533,212,215,212,188,211
428,101,201,165,161,165,206,193,164,182,534,534,213,216,213,188,212
429,99,201,165,161,165,206,194,164,182,535,535,214,217,214,189,212
430,101,202,165,162,166,207,194,165,183,537,538,214,217,214,189,213
431,100,202,166,162,166,207,194,165,183,538,542,215,217,215,190,213
432,102,203,166,162,167,208,195,166,184,540,553,215,218,215,190,214
433,100,206,169,165,168,212,196,166,184,550,542,216,219,216,190,214
434,104,207,168,165,169,212,196,167,185,543,556,216,220,217,191,215
435,102,207,169,166,169,212,198,167,185,553,546,217,220,217,191,216
436,103,208,169,166,170,213,198,168,186,545,547,218,221,218,192,216
437,102,208,169,167,170,213,199,168,186,547,549,218,221,218,193,217
438,104,209,170,167,170,214,199,169,187,548,551,219,222,219,193,217
439,101,209,171,167,171,214,199,169,187,550,553,219,222,219,193,218
440,104,210,171,167,171,215,200,170,187,552,566,220,223,220,194,218
441,103,213,174,170,175,218,200,170,188,563,556,221,224,220,195,219
442,104,214,175,171,176,219,201,171,188,554,568,221,224,221,195,219
443,104,214,175,171,176,219,202,171,189,566,558,222,224,222,195,220
444,104,215,175,172,176,220,202,171,189,559,560,222,225,222,196,221
445,104,215,175,172,177,220,204,172,190,560,561,223,226,222,197,221
446,105,216,176,173,177,221,203,172,190,561,563,223,226,224,197,222
447,104,216,177,173,178,221,204,173,191,563,566,224,227,224,198,222
448,106,217,177,173,178,222,204,173,191,564,578,224,227,224,198,223
449,105,220,178,174,179,225,204,174,192,566,567,225,228,225,199,223
450,106,221,178,175,179,226,205,174,192,566,568,225,228,225,199,224
451,105,221,179,175,180,226,205,174,193,568,571,226,229,226,200,224
452,107,221,179,175,180,227,206,175,193,569,571,227,230,227,200,225
453,105,222,179,176,181,227,207,175,194,572,574,227,230,227,201,226
454,109,223,180,176,181,228,207,176,194,573,575,228,231,227,201,226
455,106,223,180,177,181,228,208,176,195,574,576,228,231,228,202,227
456,107,223,181,177,182,229,209,177,195,576,577,229,232,229,202,227
457,106,227,184,180,184,232,209,177,196,577,578,229,232,229,203,228
458,109,228,184,181,185,233,210,178,196,578,579,230,233,230,203,228
459,107,228,185,182,185,233,210,178,197,579,582,230,233,230,204,229
460,108,229,185,182,186,234,211,179,197,581,583,231,234,231,204,230
461,107,229,186,182,186,235,211,179,197,583,585,232,234,232,204,230
462,109,230,186,183,187,235,212,180,198,584,586,232,235,232,205,231
463,108,230,187,183,187,235,212,180,198,585,588,233,236,233,205,231
464,110,231,188,183,187,236,213,181,199,587,589,234,236,234,206,232
465,108,234,190,186,190,241,213,181,199,589,590,234,237,234,206,232
466,111,235,190,186,190,242,214,182,200,591,591,235,238,234,207,233
467,109,236,190,186,191,242,215,182,200,592,594,235,238,235,207,234
468,111,236,191,187,191,242,215,182,201,594,596,236,238,235,208,234
469,109,236,191,187,191,243,216,183,201,595,597,236,239,236,209,234
470,113,237,192,188,192,243,216,183,202,597,598,237,240,236,209,235
471,109,237,191,188,192,244,217,183,202,598,599,238,241,237,209,236
472,111,238,192,188,193,244,217,184,203,600,601,238,241,238,210,236
473,110,241,194,191,195,254,218,184,203,600,603,238,241,238,211,237
474,112,242,196,191,196,254,218,185,204,602,605,239,242,239,211,238
475,110,243,195,192,196,254,219,186,204,605,605,240,242,239,212,238
476,115,243,196,193,197,255,220,186,205,606,607,240,243,240,212,239
477,113,244,196,192,197,255,220,186,205,608,609,241,243,241,213,239
478,113,244,196,193,198,256,221,187,206,609,611,241,244,241,213,240
479,112,245,198,194,198,256,221,187,206,610,612,242,245,241,214,240
480,114,245,198,194,198,257,222,188,207,612,614,242,245,242,214,241
481,113,249,201,196,201,261,222,188,207,614,615,243,246,242,215,241
482,114,249,201,197,202,261,223,189,208,615,616,244,247,243,215,242
483,113,250,201,197,202,262,223,189,208,617,617,244,247,244,216,242
484,114,250,202,198,202,263,224,190,209,618,620,245,248,244,216,243
485,113,251,203,198,203,263,224,190,209,620,621,245,248,245,216,244
486,115,251,202,198,204,264,225,191,210,621,624,246,249,245,217,244
487,114,252,203,199,204,264,226,191,210,623,625,247,249,246,218,245
488,116,253,203,200,204,265,226,191,210,623,627,247,250,246,218,245
489,115,256,206,203,207,268,227,192,211,625,627,248,251,247,219,246
490,116,257,206,203,207,269,227,193,212,627,628,248,251,248,219,246
491,115,257,206,203,208,269,228,193,211,629,632,249,252,248,219,247
492,117,258,207,203,208,270,229,194,213,630,632,250,252,249,220,248
493,115,258,208,205,209,270,229,194,213,631,634,250,252,249,221,248
494,117,259,208,204,209,271,230,194,213,634,635,251,253,250,221,249
495,115,259,208,205,210,272,230,195,214,635,637,251,254,250,222,249
496,119,260,209,205,210,272,231,195,214,636,639,252,254,251,222,250
497,116,264,212,208,213,275,231,195,215,638,640,252,255,252,223,250
498,118,265,213,209,214,276,232,196,216,639,642,253,256,252,223,251
499,116,265,213,209,214,276,232,196,215,641,644,253,256,253,224,252
500,121,265,213,209,215,277,233,197,216,643,644,254,257,253,224,252
501,117,266,214,210,215,277,234,197,216,645,648,255,257,254,224,253
502,120,267,214,210,216,278,235,198,217,646,648,255,258,254,225,253
503,117,267,215,211,216,279,235,198,217,647,649,256,258,255,226,254
504,119,268,216,211,216,279,236,199,218,648,651,256,259,256,226,254
505,118,272,218,214,219,283,236,199,218,651,653,257,259,256,227,255
506,121,272,218,215,219,284,237,200,219,652,654,257,260,257,227,256
507,118,273,219,215,220,285,238,200,219,654,656,258,261,257,228,256
508,121,273,219,215,220,285,238,201,220,655,657,258,261,258,228,256
509,119,274,220,217,221,286,239,201,220,657,659,259,262,258,229,257
510,121,274,220,217,221,286,239,202,221,659,661,260,262,259,229,258
511,119,275,221,217,222,288,240,202,221,660,662,260,263,259,230,258
512,122,275,221,218,222,287,240,203,221,661,664,261,263,260,230,259
513,120,279,222,219,225,292,241,203,222,664,666,261,264,261,231,260
514,123,280,222,220,226,292,241,203,223,665,666,262,265,261,231,260
515,120,281,223,219,226,293,241,204,224,666,669,263,265,262,232,261
516,122,281,223,220,226,294,242,204,224,667,670,263,266,262,232,261
517,121,282,224,220,227,294,242,205,225,669,672,264,267,263,233,262
518,123,282,225,220,227,295,243,205,225,671,673,264,267,264,233,263
519,122,283,224,221,228,295,243,206,226,673,674,265,268,264,234,263
520,125,283,225,221,228,296,244,206,226,674,675,266,269,265,235,264
521,121,287,229,226,231,300,244,206,227,675,678,266,269,265,235,265
522,126,288,230,227,231,300,245,207,227,677,678,267,270,266,236,265
523,123,289,231,227,232,301,245,208,228,679,680,267,271,267,236,266
524,125,289,231,228,232,302,246,208,229,680,681,269,271,268,236,266
525,123,290,231,227,233,302,246,208,229,682,682,269,272,268,237,267
526,125,290,232,228,233,303,247,209,230,682,685,269,272,269,237,267
527,123,290,233,228,234,303,247,209,231,683,685,270,273,269,238,268
528,126,292,234,229,234,304,248,210,231,686,688,271,273,270,239,269
529,123,295,235,231,237,308,248,210,232,688,689,271,274,271,239,269
530,126,296,236,231,238,308,249,211,232,688,700,273,275,271,240,270
531,124,296,236,232,238,309,249,211,233,690,691,273,275,272,241,271
532,126,297,236,233,239,310,249,212,234,693,694,273,276,273,241,271
533,124,297,237,233,239,310,250,212,234,692,696,274,277,273,241,272
534,126,298,237,234,240,311,251,213,235,694,697,274,278,274,242,272
535,125,298,238,233,240,311,251,213,235,697,698,275,278,274,243,273
536,128,299,238,234,240,312,251,214,236,696,700,275,279,275,243,273
537,126,303,242,237,244,316,252,214,236,699,700,276,279,276,244,275
538,128,304,243,237,244,317,252,214,237,701,702,277,280,276,244,275
539,126,305,242,238,245,318,253,215,237,701,704,277,280,277,245,275
540,129,305,242,238,245,318,253,216,239,703,706,278,282,278,245,276
541,126,306,243,239,245,319,254,215,239,705,708,279,282,278,246,277
542,129,306,244,240,246,319,254,216,240,707,709,279,283,279,246,277
543,127,307,244,240,246,320,255,216,240,708,710,280,283,279,247,278
544,130,307,244,241,247,321,255,217,241,709,712,280,284,280,247,278
545,128,312,247,243,250,324,256,217,241,710,712,281,284,281,248,279
546,130,312,248,244,250,325,256,218,242,712,715,282,285,282,248,280
547,128,313,248,244,251,326,257,218,242,713,715,282,286,282,249,280
548,131,313,249,245,251,326,257,219,244,715,718,283,287,283,250,281
549,128,314,249,245,252,327,257,219,244,717,718,284,287,283,250,282
550,131,315,249,245,252,328,258,220,244,718,719,284,287,284,251,282
551,130,315,250,246,253,328,259,220,245,720,721,285,288,285,251,282
552,133,316,250,247,253,329,259,221,245,721,724,285,289,285,252,283
553,129,320,254,250,256,333,260,221,246,722,726,286,289,286,252,284
554,132,321,255,252,257,334,260,222,247,725,725,287,290,287,253,285
555,130,322,256,251,258,335,261,222,247,725,729,288,291,287,254,286
556,134,322,257,252,259,335,261,222,248,727,729,288,291,288,254,286
557,131,323,256,252,259,336,262,223,248,728,731,289,292,288,255,287
558,133,323,258,253,259,336,263,223,249,731,734,289,293,289,255,287
559,131,324,257,254,260,337,263,224,250,731,734,290,293,290,256,288
560,133,325,258,254,260,338,263,224,250,734,735,291,294,290,256,289
561,132,329,260,257,263,342,264,224,251,734,736,292,294,291,257,289
562,134,329,261,258,264,343,264,225,251,735,738,292,295,292,257,290
563,132,330,262,258,264,343,265,225,252,738,740,293,296,292,258,291
564,134,330,263,258,265,344,265,226,253,740,742,293,297,293,259,291
565,133,331,263,260,265,344,266,226,253,740,743,294,297,293,259,292
566,135,332,264,259,266,345,266,227,254,740,744,295,298,294,260,292
567,133,332,264,260,267,346,267,227,255,745,747,295,298,295,260,293
568,135,333,264,260,267,346,267,228,255,745,747,296,299,295,261,294
569,133,337,268,264,270,350,268,228,256,747,750,296,300,296,261,294
570,136,338,268,264,271,351,269,229,256,748,751,297,300,297,262,295
571,134,339,268,265,271,352,269,229,257,750,751,297,301,297,262,296
572,136,339,269,266,272,352,270,230,257,751,754,298,302,298,263,296
573,135,340,270,265,272,353,270,230,258,753,755,299,302,298,264,297
574,138,340,271,267,273,354,270,230,259,754,756,299,303,299,264,297
575,135,341,270,267,273,354,271,231,259,756,757,300,303,300,264,298
576,139,341,272,267,274,355,272,231,259,756,758,301,304,301,265,298
577,136,346,272,269,277,374,272,232,260,759,760,301,305,301,266,300
578,137,347,272,269,278,374,272,232,261,761,763,302,305,302,266,299
579,136,347,274,270,278,375,273,233,262,762,763,303,306,303,267,300
580,140,348,274,270,278,376,274,234,262,763,767,303,307,303,267,301
581,136,349,274,270,279,376,274,233,262,763,767,304,307,304,268,301
582,140,349,276,271,280,377,275,234,263,766,769,304,308,304,268,302
583,137,349,275,271,280,378,275,234,264,767,772,305,308,305,269,303
584,140,350,276,271,280,378,275,235,264,769,772,305,309,305,269,303
585,138,358,280,277,283,391,276,235,265,770,773,306,309,306,270,304
586,142,358,281,277,284,391,276,236,265,771,774,307,310,307,271,305
587,142,359,280,278,284,392,277,236,266,774,776,307,311,308,271,305
588,140,359,281,278,285,393,277,237,267,777,778,308,311,308,271,306
589,139,360,283,279,285,394,278,237,267,777,778,308,312,309,272,307
590,140,361,282,280,286,394,278,238,268,779,782,309,313,310,273,307
591,139,361,283,279,286,395,279,238,269,779,782,310,313,310,273,308
592,142,362,284,281,287,396,280,239,269,781,785,310,314,311,274,308
593,140,380,286,282,322,400,280,239,270,782,784,311,315,311,274,309
594,142,381,287,282,322,401,281,240,270,784,787,312,315,312,275,309
595,140,381,287,284,323,402,281,240,271,785,788,312,316,312,275,310
596,144,382,289,283,324,402,282,240,271,785,788,313,317,313,276,311
597,140,382,288,285,324,403,282,241,272,790,792,314,317,314,276,311
598,143,383,289,285,325,404,282,241,273,791,793,314,317,314,277,312
599,141,383,291,286,325,404,283,242,273,793,794,315,318,315,277,313
600,143,384,290,287,326,405,283,243,274,794,798,315,319,316,278,313
601,142,395,293,288,329,410,284,243,274,794,797,316,320,316,278,314
602,145,395,295,290,330,410,285,243,275,796,799,316,320,318,279,314
603,142,396,294,289,330,411,285,244,275,799,801,318,321,318,279,315
604,144,396,295,290,331,412,286,244,276,800,802,318,321,318,280,315
605,144,396,295,291,332,412,286,244,277,801,805,318,322,319,280,316
606,145,397,296,291,333,413,287,245,277,803,806,319,323,319,281,317
607,142,398,296,292,333,414,287,245,278,805,808,319,323,320,282,317
608,145,399,296,293,333,415,288,246,278,807,808,320,324,321,282,318
609,143,404,301,297,338,419,288,246,279,808,811,321,325,321,283,319
610,146,404,301,297,338,420,289,247,279,810,811,321,325,322,283,319
611,144,405,301,297,338,420,289,247,280,810,815,322,326,322,284,320
612,146,406,303,298,339,421,290,248,281,811,815,322,327,323,285,320
613,144,406,302,298,339,422,290,248,281,812,817,323,327,323,285,321
614,148,407,304,298,340,422,291,249,282,815,817,324,328,324,285,322
615,145,408,303,300,340,423,291,249,282,815,819,324,328,325,286,322
616,148,408,305,299,341,424,292,250,282,818,820,325,329,326,287,323
617,146,415,307,303,345,428,292,250,283,821,825,326,329,326,287,324
618,147,415,307,304,346,429,293,251,284,822,824,327,330,327,288,324
619,149,416,309,304,346,430,294,251,284,822,824,327,331,327,288,325
620,149,417,308,305,346,431,294,252,285,825,828,328,332,328,289,326
621,146,417,309,305,347,431,294,252,285,825,827,328,332,328,289,326
622,149,418,310,306,347,432,295,252,286,828,831,329,333,329,290,326
623,147,418,310,305,348,433,296,253,286,829,833,329,333,330,291,327
624,149,420,311,306,349,434,296,253,287,831,834,330,334,330,291,328
625,147,425,313,310,353,437,296,254,287,832,835,330,335,331,291,328
626,150,426,315,310,353,438,297,254,288,832,836,331,335,332,292,329
627,148,427,314,312,353,439,298,255,288,837,839,332,336,332,292,330
628,150,427,315,312,355,440,298,255,289,837,840,332,336,333,294,330
629,148,428,317,313,355,440,299,256,289,839,842,333,337,334,294,331
630,152,429,316,313,356,441,299,256,290,842,844,334,338,334,294,331
631,149,429,316,313,356,442,300,256,290,841,843,334,338,335,295,332
632,152,430,319,314,357,443,300,257,291,843,847,335,339,335,295,333
633,150,439,321,318,360,447,301,257,291,845,849,335,340,336,296,333
634,152,440,323,318,361,448,302,258,292,847,851,336,340,337,296,334
635,151,441,322,320,362,448,303,258,293,847,851,337,341,337,297,334
636,152,441,325,319,362,449,303,259,293,851,851,337,341,338,297,335
637,151,442,324,321,362,450,303,259,293,852,856,338,342,339,298,336
638,154,443,324,321,364,451,304,260,294,854,856,339,343,339,299,336
639,151,443,326,322,364,451,305,260,295,854,858,339,343,340,299,337
640,152,444,325,322,365,452,305,261,295,856,861,340,344,340,300,337
641,151,446,326,322,368,456,306,261,295,857,860,340,344,341,300,338
642,153,447,326,323,369,456,306,262,296,858,862,341,345,342,301,339
643,152,447,327,323,370,457,306,262,297,860,862,341,346,342,301,339
644,155,447,327,323,371,458,307,263,297,863,863,342,347,343,302,340
645,152,449,329,324,371,459,307,263,298,863,866,343,347,343,303,340
646,155,449,329,325,372,459,308,263,299,865,868,343,348,344,303,341
647,153,450,330,325,372,460,308,264,299,865,869,344,348,345,304,342
648,156,451,330,325,373,461,308,264,299,867,871,345,349,345,304,342
649,153,456,335,331,386,466,309,265,300,869,872,345,350,346,304,343
650,157,457,335,332,386,467,310,266,300,870,874,346,350,347,305,344
651,153,458,337,333,387,467,310,266,301,871,874,347,351,347,306,344
652,157,458,337,333,387,468,311,266,301,874,876,347,351,348,306,345
653,154,459,337,333,388,469,311,267,302,876,879,348,352,349,306,346
654,158,459,337,333,388,470,312,267,303,878,880,349,353,349,307,346
655,155,460,338,334,390,471,312,267,303,879,883,349,353,350,308,347
656,157,461,339,334,389,471,313,268,304,879,882,350,354,350,308,347
657,155,465,341,337,395,477,313,268,304,881,883,350,354,351,309,348
658,158,466,342,337,395,477,314,269,305,884,886,351,355,352,309,348
659,155,467,344,338,396,478,314,269,305,885,889,352,356,352,310,349
660,159,467,344,339,396,479,315,270,306,887,889,352,356,353,310,350
661,156,468,345,339,397,480,315,270,306,887,889,353,357,354,311,350
662,161,469,345,339,398,480,316,271,306,888,893,354,357,354,312,351
663,156,469,345,340,399,481,316,271,307,891,894,354,358,355,312,351
664,160,471,345,341,398,482,317,272,308,892,897,355,359,356,313,352
665,157,475,350,346,403,487,317,272,308,894,898,355,359,356,313,352
666,160,475,351,346,403,487,318,273,309,896,899,356,360,357,314,353
667,158,477,350,347,404,488,319,273,309,897,901,357,361,357,314,354
668,162,477,351,347,405,489,320,274,310,899,902,357,362,358,314,354
669,158,479,352,347,405,490,320,274,310,901,902,358,362,359,315,355
670,160,479,353,348,406,490,320,275,311,901,905,359,363,359,316,356
671,159,479,353,349,406,491,321,275,311,903,906,359,363,360,316,356
672,161,480,353,349,406,491,321,276,312,905,909,360,364,361,317,357
673,159,485,358,352,411,497,322,276,312,905,910,360,365,361,318,358
674,162,486,358,353,411,497,322,277,313,908,911,361,365,362,318,358
675,160,486,358,353,412,498,323,277,313,910,913,362,366,363,318,359
676,162,487,358,353,413,499,323,278,314,910,913,363,366,364,319,359
677,160,488,358,355,413,499,324,278,314,913,915,363,367,363,320,360
678,163,488,361,356,414,500,324,278,315,915,917,363,368,365,320,361
679,161,490,360,356,415,501,325,279,315,916,918,364,368,365,320,361
680,162,491,361,356,415,502,325,280,316,918,919,365,369,366,321,362
681,161,495,364,359,419,507,326,280,316,920,923,365,370,366,322,363
682,164,497,365,360,419,508,327,281,317,921,923,367,370,367,323,363
683,162,498,365,361,420,509,327,281,318,922,926,367,371,367,323,364
684,165,498,366,362,420,509,328,282,318,924,926,367,372,368,323,364
685,162,500,366,363,421,510,329,282,318,926,929,368,372,369,324,365
686,165,499,367,363,421,511,329,283,319,928,930,369,373,369,325,366
687,162,500,368,363,422,511,330,283,319,928,932,369,374,370,325,366
688,165,501,369,364,423,513,330,283,320,931,934,370,374,371,326,367
689,164,507,372,368,426,517,331,284,320,931,935,370,375,371,326,367
690,165,507,373,369,427,518,331,284,321,933,937,371,375,372,326,368
691,163,507,373,369,428,519,332,285,322,936,938,372,376,372,327,368
692,166,508,374,371,428,520,333,285,322,936,938,372,377,373,328,369
693,164,509,375,372,429,521,333,285,322,938,941,373,377,373,328,370
694,167,509,376,371,430,521,334,286,323,941,945,374,378,374,329,370
695,164,511,376,371,430,522,335,287,324,941,945,374,378,375,329,371
696,167,512,376,372,431,523,335,287,323,943,946,375,379,375,330,372
697,165,516,381,377,433,512,335,288,324,945,949,375,380,376,331,372
698,167,517,381,377,434,512,337,288,325,947,951,376,381,377,331,373
699,166,517,382,378,435,512,337,289,325,948,952,377,381,377,331,374
700,168,519,383,379,435,513,337,289,326,951,955,377,382,378,332,374
701,166,520,384,378,436,514,338,289,326,951,956,378,382,379,332,375
702,168,520,384,378,437,515,338,290,328,953,958,378,383,379,333,375
703,167,521,384,380,437,516,339,291,328,954,959,379,383,380,334,376
704,168,522,385,380,438,516,339,291,328,956,960,380,384,381,335,377
705,167,526,385,381,443,506,340,292,328,958,961,380,384,381,335,377
706,170,528,386,382,444,507,341,292,329,960,962,381,386,382,335,378
707,168,527,387,383,445,508,341,292,329,960,965,381,386,383,336,379
708,171,528,388,382,446,508,342,293,330,964,965,382,387,383,336,379
709,168,530,388,383,446,509,342,293,331,965,966,383,387,383,337,379
710,171,531,388,383,447,509,342,294,331,966,969,384,388,384,337,381
711,170,531,389,384,449,511,343,294,331,967,972,384,388,385,338,381
712,172,533,389,385,448,511,344,295,332,969,972,385,389,385,339,382
713,170,537,394,391,426,524,344,295,332,971,975,385,389,386,339,382
714,173,539,396,391,427,525,345,296,333,972,977,386,390,387,340,383
715,169,538,396,391,428,525,345,296,333,974,978,386,391,388,340,383
716,173,540,397,392,428,526,346,297,334,976,979,388,391,388,341,384
717,170,540,397,392,429,527,347,297,335,977,980,388,392,389,342,384
718,173,540,397,393,429,528,347,298,335,978,982,388,393,389,342,385
719,170,542,398,394,430,528,348,299,336,980,985,389,393,390,343,386
720,176,543,398,395,431,529,348,299,336,982,986,389,394,390,343,387
721,171,543,402,399,410,535,348,299,336,982,988,390,395,391,344,387
722,173,544,404,398,412,536,350,300,337,985,990,391,395,392,344,388
723,171,545,404,399,411,536,352,300,351,986,991,392,396,393,345,392
724,174,545,404,399,412,537,350,301,338,988,993,392,397,393,346,389
725,172,547,405,400,413,537,351,301,339,990,995,393,398,393,346,389
726,174,548,407,401,413,538,352,302,339,991,997,393,398,395,347,390
727,172,547,406,402,414,539,353,303,340,994,998,394,398,395,347,391
728,175,548,407,401,415,540,353,303,340,995,1000,394,399,396,347,391
729,173,544,411,406,419,547,354,303,341,995,1002,395,400,396,348,392
730,176,545,412,406,419,548,354,304,341,998,1001,396,400,397,348,393
731,174,545,411,407,420,548,355,304,341,1000,1005,397,401,398,349,393
732,175,546,412,408,420,549,355,305,342,1001,1006,397,402,398,350,394
733,174,547,412,408,421,550,356,305,342,1003,1006,398,402,399,351,394
734,177,548,413,410,422,551,357,306,343,1004,1008,399,403,399,351,395
735,174,549,414,410,422,551,357,306,343,1006,1011,399,403,399,351,395
736,177,550,415,409,423,553,358,307,344,1008,1013,400,404,400,352,396
737,175,549,419,413,427,557,358,307,345,1009,1013,400,405,401,352,397
738,177,550,418,414,428,558,359,308,346,1012,1016,401,405,402,353,397
739,176,550,419,414,428,558,359,308,345,1012,1016,401,406,402,353,398
740,178,551,420,415,429,559,360,308,346,1015,1019,402,407,403,354,399
741,177,552,421,417,430,560,360,309,347,1016,1022,402,407,403,354,399
742,180,553,421,416,430,561,361,309,347,1018,1022,403,408,404,355,400
743,176,554,423,418,431,562,361,310,348,1019,1025,404,408,405,355,400
744,179,554,423,417,431,563,362,311,348,1021,1026,405,409,405,356,401
745,177,567,427,422,436,593,362,311,349,1022,1026,405,410,406,357,402
746,181,568,427,423,436,593,363,311,349,1024,1028,406,411,407,357,402
747,177,569,428,423,436,595,363,312,350,1025,1029,407,411,407,358,403
748,182,570,429,426,437,595,364,313,351,1027,1032,408,412,408,358,404
749,177,570,430,426,438,596,365,313,351,1029,1033,407,412,409,358,405
750,180,571,431,425,439,596,366,314,351,1032,1036,408,413,409,359,405
751,178,572,431,426,439,598,366,314,352,1032,1039,409,413,409,360,405
752,181,572,431,427,439,598,367,315,352,1034,1038,409,414,410,360,406
753,178,589,435,431,444,602,368,315,352,1036,1041,410,415,411,361,406
754,181,589,436,431,444,603,368,315,353,1037,1041,410,416,411,361,407
755,179,590,437,433,445,604,368,315,353,1039,1043,411,416,412,362,408
756,185,591,438,432,446,604,369,316,354,1041,1046,412,417,413,363,408
757,179,592,439,433,446,605,370,316,354,1042,1048,413,417,413,363,409
758,184,592,439,434,447,606,370,317,355,1044,1048,413,418,414,363,409
759,180,593,439,434,447,607,371,317,355,1046,1050,414,418,415,364,410
760,183,594,439,434,448,607,371,318,356,1047,1052,414,419,416,365,411
761,180,601,444,439,488,613,371,318,356,1048,1052,415,420,416,365,411
762,184,602,446,441,489,614,373,319,357,1050,1055,416,420,417,366,412
763,180,602,447,442,489,615,373,319,357,1052,1057,416,421,417,367,413
764,184,604,447,441,490,616,374,320,358,1053,1058,417,422,418,367,413
765,184,604,448,442,491,617,375,320,359,1056,1062,417,422,418,368,414
766,185,605,448,442,492,617,375,321,359,1057,1062,418,423,419,368,414
767,183,606,449,443,492,618,376,321,359,1060,1065,419,424,420,368,415
768,187,607,449,444,493,619,376,322,360,1061,1065,419,424,420,370,415
769,182,612,449,444,498,625,377,322,360,1062,1068,420,425,421,370,417
770,185,614,450,445,498,626,377,323,361,1064,1069,421,425,422,370,418
771,183,614,450,445,499,627,378,323,361,1066,1070,422,426,422,371,417
772,188,615,450,446,499,628,378,324,362,1068,1073,422,426,423,371,418
773,183,616,451,446,500,628,379,325,363,1070,1074,422,427,423,372,419
774,186,616,452,446,501,629,380,325,363,1071,1075,423,428,424,373,419
775,185,617,453,449,502,630,380,325,363,1072,1076,424,428,425,373,420
776,187,618,453,449,502,631,381,326,364,1073,1078,425,429,426,374,421
777,187,624,460,455,506,637,381,326,365,1075,1079,425,430,426,374,421
778,186,625,461,456,507,639,382,327,366,1077,1082,426,430,426,375,422
779,185,626,462,458,508,639,382,327,366,1079,1083,426,431,427,375,423
780,188,626,462,457,508,639,383,328,366,1079,1086,426,432,428,376,423
781,186,628,463,457,509,640,383,328,366,1082,1087,427,433,429,376,424
782,189,628,463,458,510,641,384,329,368,1081,1087,428,433,429,377,424
783,187,629,464,459,510,642,384,329,368,1085,1091,429,434,430,377,425
784,190,630,465,460,511,643,385,329,368,1086,1093,429,434,430,378,426
785,187,636,467,462,516,648,385,330,369,1089,1089,430,435,431,378,427
786,191,636,468,463,516,649,387,331,369,1090,1095,430,436,432,379,427
787,188,637,470,464,517,650,387,331,370,1090,1095,431,436,432,380,428
788,190,638,469,465,518,651,387,332,371,1092,1099,432,437,433,380,428
789,189,639,470,466,518,652,388,332,371,1094,1099,432,437,433,381,429
790,194,640,471,466,519,653,389,332,371,1095,1100,433,438,434,381,429
791,187,641,472,466,520,654,389,333,372,1097,1100,434,439,435,382,430
792,191,641,473,466,520,654,389,334,372,1099,1105,434,439,435,382,431
793,189,648,476,471,525,660,390,334,373,1102,1107,435,440,436,383,431
794,191,649,476,472,525,661,390,335,374,1101,1108,436,440,437,384,432
795,189,649,478,472,526,663,391,335,374,1104,1110,436,441,437,384,432
796,193,650,478,473,527,663,392,335,375,1106,1110,437,442,438,384,433
797,190,651,478,474,527,664,392,336,375,1108,1109,437,442,438,385,434
798,192,652,479,474,528,665,393,336,376,1109,1115,438,443,439,385,435
799,191,653,480,474,529,666,394,337,376,1110,1116,439,443,439,386,435
800,193,654,480,476,529,667,394,337,377,1113,1118,439,444,440,387,436
801,191,660,485,481,534,673,394,338,377,1114,1118,440,445,441,387,436
802,192,661,486,482,535,673,396,338,378,1115,1121,440,446,441,388,437
803,191,661,487,482,535,674,396,338,378,1116,1122,441,446,442,388,437
804,196,662,488,482,536,675,396,339,379,1119,1123,442,447,443,389,438
805,191,663,487,483,537,676,397,339,380,1119,1123,442,447,443,389,438
806,196,664,488,484,538,677,397,340,380,1122,1127,443,448,444,390,440
807,193,665,489,484,538,678,398,341,380,1123,1129,444,449,444,391,440
808,197,666,489,485,539,679,399,341,381,1125,1128,444,449,445,391,441
809,192,672,494,489,543,685,399,342,381,1127,1131,445,450,446,392,441
810,195,673,496,490,544,685,400,342,383,1129,1130,445,451,446,392,442
811,193,673,497,491,545,687,400,342,383,1129,1133,446,451,447,393,442
812,196,674,496,492,545,687,401,343,384,1131,1135,446,452,448,393,443
813,194,675,497,493,546,688,401,343,384,1131,1138,447,453,449,394,444
814,199,676,498,492,547,689,403,344,384,1133,1139,448,453,449,395,444
815,193,677,499,493,547,690,402,344,384,1136,1139,449,454,450,395,445
816,199,678,500,493,548,691,403,345,385,1138,1144,449,455,450,395,446
817,196,683,504,499,553,697,404,346,386,1140,1144,450,455,451,396,446
818,196,685,505,499,554,698,404,346,386,1139,1145,451,455,451,397,447
819,195,686,505,500,554,699,405,346,387,1142,1146,451,456,452,397,447
820,198,687,506,500,555,699,406,347,388,1145,1149,452,457,453,398,448
821,197,687,506,501,556,700,406,347,388,1148,1152,452,458,454,398,449
822,198,688,507,503,556,701,407,348,389,1146,1153,453,458,454,399,449
823,196,689,507,502,557,702,407,349,389,1148,1154,454,459,454,399,450
824,199,690,508,504,558,703,408,349,390,1150,1158,454,459,456,400,450
825,197,696,513,508,562,710,409,349,390,1151,1157,455,460,456,400,451
826,200,697,515,508,563,711,410,350,391,1153,1158,456,460,456,401,452
827,197,698,515,509,564,712,410,350,391,1154,1160,456,462,457,402,452
828,202,699,516,509,564,712,410,351,392,1158,1162,456,462,458,402,453
829,197,700,515,510,565,713,411,351,392,1160,1165,457,462,458,403,454
830,201,700,516,510,566,714,411,352,393,1159,1164,458,463,459,403,454
831,198,701,517,511,566,716,413,352,393,1162,1167,459,463,459,404,455
832,204,702,518,512,567,716,413,353,394,1163,1168,459,464,460,404,455
833,200,708,517,512,572,722,413,353,395,1165,1169,460,465,461,405,456
834,202,710,518,513,573,723,414,354,395,1167,1171,460,466,461,406,457
835,200,710,518,517,573,724,415,354,396,1169,1175,461,466,462,406,457
836,202,711,519,515,574,725,415,355,396,1169,1175,462,467,463,407,458
837,200,712,520,516,574,725,416,355,396,1171,1175,462,467,463,406,459
838,204,712,521,516,575,727,417,356,397,1173,1177,463,468,463,407,459
839,201,713,521,515,576,728,417,356,398,1174,1180,463,468,464,408,459
840,203,714,522,516,576,728,417,357,398,1176,1182,463,469,464,408,460
841,201,720,529,526,581,734,418,357,399,1178,1183,464,470,465,409,460
842,203,723,528,526,582,735,419,358,399,1179,1183,465,470,466,409,461
843,201,722,530,527,582,736,420,358,399,1181,1187,465,471,466,410,462
844,207,723,530,528,583,737,420,359,401,1183,1188,466,471,467,411,463
845,201,723,530,528,584,737,420,359,401,1183,1189,466,472,467,411,463
846,204,725,531,529,585,739,422,360,401,1186,1192,467,473,468,412,464
847,202,726,532,531,585,740,422,360,401,1188,1193,468,473,469,412,464
848,207,726,532,531,586,740,422,360,402,1188,1195,468,474,469,412,465
849,203,733,536,532,590,747,423,361,403,1189,1195,469,474,470,412,465
850,204,733,538,533,592,748,423,361,403,1191,1195,469,475,470,413,466
851,203,735,538,532,592,749,423,361,404,1191,1198,470,475,471,414,466
852,205,736,539,533,593,750,425,363,405,1197,1202,471,476,472,415,467
853,204,737,541,534,594,751,425,363,405,1198,1201,472,477,472,416,468
854,206,737,540,534,594,752,425,364,406,1197,1204,472,478,473,416,468
855,205,738,541,535,595,753,427,364,407,1200,1208,473,478,474,416,469
856,206,739,541,536,596,754,427,365,407,1204,1206,473,479,474,417,470
857,205,746,546,542,600,760,428,365,407,1205,1209,474,479,475,418,470
858,208,747,547,541,601,760,429,366,408,1206,1210,474,480,476,418,471
859,205,748,548,544,602,761,429,366,409,1207,1212,476,481,477,419,472
860,208,748,549,544,603,762,430,367,409,1208,1215,476,482,477,419,472
861,206,749,549,544,603,763,431,367,409,1210,1218,476,482,477,420,473
862,208,750,551,545,604,764,432,367,410,1212,1217,477,483,477,420,473
863,206,751,551,545,605,764,431,368,410,1212,1219,477,483,479,421,474
864,210,751,552,549,605,766,433,369,417,1218,1221,478,484,479,421,479
865,206,758,557,550,610,772,432,369,411,1216,1223,478,484,479,422,475
866,211,759,556,551,610,772,433,369,412,1218,1223,479,485,480,422,476
867,207,760,558,551,611,774,434,370,412,1219,1228,480,485,480,423,476
868,209,761,558,552,612,775,434,370,413,1221,1226,480,486,481,423,477
869,208,761,558,553,613,775,434,370,413,1222,1229,481,487,482,424,477
870,210,762,559,553,613,776,436,371,414,1226,1230,482,487,482,424,478
871,208,763,560,555,615,777,436,372,414,1227,1232,482,488,483,425,478
872,210,765,561,556,616,779,437,373,415,1228,1235,483,489,484,426,480
873,208,771,566,561,620,786,438,373,416,1231,1236,484,489,485,426,480
874,212,772,567,562,620,786,438,373,416,1232,1237,484,490,485,427,480
875,208,773,568,561,622,787,439,374,416,1232,1239,485,490,486,427,482
876,212,774,568,564,623,789,439,374,417,1235,1242,486,491,487,428,482
877,211,774,569,563,623,789,440,374,417,1238,1242,486,492,487,428,482
878,212,775,569,563,623,790,440,376,418,1237,1243,487,492,487,428,482
879,209,776,570,563,624,790,442,375,419,1239,1245,487,493,488,429,483
880,212,778,571,565,626,793,442,377,420,1243,1250,488,494,489,431,484
881,211,784,575,570,630,799,443,377,419,1244,1249,488,495,490,430,485
882,213,784,575,570,631,800,443,377,421,1246,1250,488,495,491,432,486
883,212,786,577,572,631,800,443,377,420,1246,1254,490,496,490,431,486
884,214,786,576,572,632,802,444,378,421,1248,1256,490,496,491,432,487
885,210,787,577,572,633,802,445,379,421,1250,1254,491,496,492,433,487
886,214,789,580,573,634,804,446,380,423,1251,1258,492,498,493,433,488
887,213,790,580,573,634,805,446,380,423,1253,1260,493,498,493,434,489
888,216,791,580,574,636,805,447,381,424,1256,1262,493,499,495,435,489
889,213,798,587,579,640,812,448,381,424,1258,1262,493,500,495,435,490
890,216,799,586,579,641,814,448,381,425,1259,1265,494,500,495,436,491
891,213,799,588,580,642,814,449,382,425,1260,1268,495,501,496,436,491
892,216,800,587,582,642,815,450,382,426,1261,1268,496,501,496,437,492
893,214,801,590,581,643,816,450,383,425,1264,1269,496,502,497,437,492
894,217,802,588,582,644,816,451,384,427,1265,1270,496,502,497,438,493
895,216,803,591,583,645,818,452,384,427,1267,1274,497,503,498,439,494
896,216,804,590,585,645,819,452,384,428,1271,1275,498,504,499,439,494
897,215,810,590,584,651,826,452,384,427,1269,1274,498,504,499,439,495
898,218,812,590,585,652,827,453,385,429,1273,1278,499,506,501,440,496
899,214,812,591,586,652,828,453,386,429,1274,1278,500,506,502,440,496
900,218,813,591,587,653,828,453,386,430,1272,1279,500,506,501,440,496
901,216,813,593,587,654,828,454,387,430,1277,1283,501,506,502,442,498
902,218,815,593,590,654,830,456,388,431,1279,1284,502,508,503,442,498
903,216,816,594,589,655,831,456,387,431,1280,1287,503,508,503,443,499
904,220,817,595,590,656,833,457,388,432,1283,1288,503,509,504,443,499
905,216,824,602,597,660,839,457,389,432,1282,1289,503,510,505,444,500
906,219,825,604,598,661,840,458,390,433,1284,1292,504,510,506,444,501
907,217,826,603,599,662,841,459,389,433,1285,1294,505,511,506,445,501
908,220,827,604,599,663,842,459,391,435,1288,1295,505,512,506,445,502
909,217,828,605,601,663,842,459,390,434,1289,1298,506,512,507,446,502
910,224,828,605,600,664,843,460,391,435,1291,1297,507,512,507,446,502
911,219,829,606,601,665,844,460,392,436,1293,1299,507,513,508,447,503
912,221,830,607,603,666,845,461,392,436,1295,1303,508,514,509,448,504
913,218,837,613,607,671,852,462,393,437,1297,1302,509,515,509,448,505
914,227,838,613,607,672,854,463,394,437,1299,1304,509,515,510,449,506
915,219,839,613,608,673,854,463,394,437,1300,1305,510,516,511,449,506
916,221,840,614,609,673,856,464,394,438,1302,1308,511,517,511,450,507
917,220,842,614,609,674,856,465,395,439,1304,1310,511,517,512,450,507
918,222,841,615,609,674,856,465,395,439,1303,1311,512,518,512,451,507
919,220,843,615,610,675,857,465,395,440,1305,1311,511,518,513,451,508
920,223,842,617,611,675,858,465,396,440,1308,1313,513,518,513,452,509
921,221,850,621,616,680,865,466,396,440,1309,1316,513,519,514,452,509
922,225,851,622,616,682,866,467,397,441,1311,1317,514,520,514,453,510
923,221,852,623,617,682,868,467,397,442,1312,1319,514,521,515,453,511
924,223,853,623,617,683,868,469,398,443,1314,1319,515,521,516,454,511
925,220,854,625,618,684,869,469,399,443,1317,1320,515,522,516,455,512
926,223,856,625,619,685,871,470,399,445,1319,1325,517,523,517,455,513
927,222,856,627,620,686,872,470,400,445,1319,1325,517,524,519,456,513
928,225,857,626,622,687,873,471,401,445,1320,1329,518,524,519,457,514
929,222,864,632,626,692,881,471,400,445,1321,1329,519,525,519,457,514
930,228,865,633,626,692,880,472,401,446,1324,1330,519,525,519,457,515
931,222,866,633,626,693,881,472,401,447,1326,1332,519,525,520,458,516
932,225,866,635,627,694,882,473,402,447,1327,1334,520,526,521,458,516
933,223,868,634,628,695,883,475,402,447,1327,1335,521,527,521,459,517
934,227,869,635,628,695,884,475,403,448,1331,1337,521,527,522,459,517
935,224,869,636,630,696,885,475,403,448,1332,1339,522,528,523,460,518
936,228,871,636,630,698,886,476,405,450,1335,1340,522,529,524,461,519
937,225,878,642,635,703,894,477,405,450,1335,1344,524,530,525,461,519
938,227,880,642,636,703,894,478,406,450,1338,1344,524,530,525,462,520
939,225,881,645,637,704,896,478,406,450,1339,1346,525,531,525,462,521
940,228,881,644,637,704,896,479,407,451,1342,1347,526,532,526,463,521
941,225,881,644,637,705,897,479,406,451,1341,1349,526,532,526,463,522
942,231,883,644,640,706,899,480,407,453,1345,1349,526,532,527,464,523
943,225,884,646,639,708,900,481,408,453,1347,1352,527,533,527,464,523
944,230,885,647,641,707,901,481,409,453,1349,1358,528,534,529,465,524
945,227,891,651,645,713,908,481,408,454,1349,1356,528,534,529,465,524
946,231,893,654,645,713,908,482,409,455,1350,1357,529,535,529,466,525
947,226,893,653,647,714,909,483,410,455,1353,1359,529,535,530,466,525
948,231,895,653,646,716,911,484,411,456,1354,1360,530,536,531,468,526
949,229,895,654,647,717,911,484,411,456,1357,1362,531,537,531,468,526
950,232,897,655,648,717,913,485,411,457,1358,1363,532,538,532,469,527
951,228,897,656,649,718,914,485,412,457,1360,1366,532,539,533,469,528
952,231,899,656,650,719,915,486,413,458,1361,1369,533,539,533,470,529
953,228,906,664,656,724,922,487,413,459,1363,1371,534,540,534,470,529
954,233,907,664,657,725,923,487,414,459,1365,1372,534,540,535,471,530
955,229,908,665,657,725,924,489,414,459,1366,1375,535,541,536,472,531
956,231,909,665,658,726,926,489,415,460,1368,1374,535,542,536,472,532
957,229,910,665,659,727,926,489,415,460,1370,1377,536,542,536,473,532
958,232,911,667,659,727,927,491,416,462,1371,1380,537,543,537,473,532
959,230,912,666,659,728,927,490,416,461,1374,1380,537,543,537,473,532
960,233,912,668,660,729,928,491,417,462,1376,1381,537,544,538,474,533
961,230,919,667,664,735,935,492,417,463,1376,1385,538,544,539,474,534
962,233,921,668,663,735,937,493,418,463,1379,1385,539,545,540,474,534
963,231,921,669,663,737,937,493,418,463,1380,1387,539,546,540,476,536
964,234,923,669,666,737,939,494,419,464,1383,1388,540,547,541,476,536
965,231,924,672,665,738,940,494,419,465,1384,1392,541,547,541,477,537
966,234,926,671,666,739,941,496,420,466,1386,1392,542,548,542,477,538
967,232,926,673,666,739,942,496,420,466,1387,1395,542,548,543,478,538
968,237,927,673,668,740,943,496,421,467,1389,1395,542,549,543,478,539
969,233,934,681,676,745,950,496,421,466,1390,1398,543,550,543,479,539
970,237,935,682,677,746,951,497,422,468,1393,1396,543,550,544,479,539
971,233,937,682,678,747,952,498,422,468,1394,1400,545,551,545,480,540
972,236,937,684,678,747,953,499,422,467,1395,1400,545,551,545,480,541
973,233,938,684,680,749,953,499,423,468,1396,1402,545,551,546,481,541
974,235,939,685,680,749,955,500,423,469,1399,1406,546,552,547,481,542
975,234,940,686,681,750,957,501,424,470,1402,1409,547,553,547,482,543
976,237,941,686,681,750,957,501,424,471,1402,1411,548,554,548,482,543
977,235,948,691,684,756,964,502,425,471,1403,1411,548,554,548,483,544
978,239,949,691,685,757,965,503,426,471,1405,1413,548,555,549,484,544
979,234,950,694,688,758,967,519,426,481,1408,1415,550,556,550,484,545
980,237,951,693,689,759,968,504,427,473,1409,1417,550,557,551,485,546
981,235,952,695,687,759,969,504,427,473,1410,1417,551,557,552,485,546
982,239,953,694,688,760,969,504,428,474,1413,1419,551,557,552,486,547
983,236,954,695,689,761,970,505,428,474,1414,1421,552,558,552,486,547
984,238,956,697,690,762,972,506,429,475,1415,1423,552,558,553,487,548
985,237,963,702,695,767,979,507,429,475,1418,1427,553,559,554,488,549
986,240,964,703,696,768,980,508,430,476,1420,1428,554,560,554,488,550
987,237,965,703,698,769,981,509,430,477,1422,1429,555,561,555,489,550
988,241,966,704,697,770,982,509,431,477,1423,1432,555,561,556,490,551
989,237,967,705,697,771,983,510,431,477,1424,1431,556,562,556,490,551
990,240,968,706,700,771,984,511,431,478,1427,1435,557,563,557,490,552
991,238,968,708,699,772,984,510,432,478,1427,1436,557,563,557,490,552
992,240,969,706,700,772,985,512,433,479,1429,1437,557,564,557,492,552
993,238,977,712,704,779,993,512,433,479,1431,1440,557,564,559,491,553
994,241,978,712,706,779,994,512,433,480,1432,1438,558,565,559,492,554
995,238,978,712,706,779,995,513,434,479,1435,1441,559,565,560,492,555
996,242,980,714,706,781,996,514,435,480,1435,1442,560,566,560,493,555
997,240,981,714,708,782,998,515,435,481,1437,1444,560,566,561,495,556
998,243,982,717,709,782,999,515,436,482,1440,1448,561,568,562,495,557
999,240,982,716,710,783,999,516,435,482,1441,1449,561,568,562,494,557
1000,244,984,718,709,784,1000,517,437,483,1444,1452,562,569,563,496,558
