n,Baseline (copy+sort),Find SIMD,Heap Cache,Tournament Tree
3,0,0,0,0
4,0,0,1,0
5,0,0,1,0
6,1,0,1,1
7,1,1,2,1
8,1,1,1,1
9,1,1,1,1
10,2,1,1,1
11,2,1,1,2
12,2,1,1,2
13,2,1,1,2
14,3,2,2,2
15,3,2,2,2
16,3,2,2,3
17,3,2,2,3
18,3,2,2,3
19,3,2,3,4
20,4,2,3,4
21,4,3,3,4
22,4,3,3,5
23,4,3,3,5
24,5,3,4,5
25,5,3,4,5
26,5,4,4,5
27,5,4,4,6
28,6,4,5,6
29,6,4,5,6
30,6,4,5,6
31,6,4,6,7
32,6,4,6,7
33,7,5,6,7
34,7,5,6,8
35,7,5,6,8
36,7,5,7,9
37,7,5,7,9
38,8,6,7,9
39,8,6,8,10
40,8,6,8,10
41,8,6,8,11
42,9,6,8,11
43,9,7,9,11
44,9,7,9,12
45,9,7,9,12
46,10,7,9,12
47,10,7,10,13
48,10,8,10,13
49,10,8,10,14
50,10,8,11,14
51,10,8,11,14
52,11,8,11,15
53,11,9,11,15
54,11,9,12,15
55,11,9,12,16
56,12,9,12,16
57,12,9,13,17
58,12,10,13,17
59,12,10,13,17
60,13,10,14,18
61,13,10,14,18
62,13,11,14,18
63,13,11,15,18
64,14,11,15,19
65,14,11,15,19
66,14,11,16,20
67,14,12,16,20
68,15,12,16,21
69,14,12,16,21
70,15,12,17,21
71,15,12,17,22
72,15,12,17,22
73,16,13,18,23
74,16,13,18,23
75,16,13,18,23
76,17,14,19,24
77,16,14,19,24
78,17,14,19,25
79,17,14,20,25
80,17,14,20,25
81,17,15,20,26
82,18,15,21,26
83,18,15,21,27
84,18,15,21,27
85,18,16,22,28
86,19,16,22,28
87,18,16,23,29
88,19,16,23,29
89,19,17,23,29
90,20,17,23,30
91,19,17,24,30
92,20,18,24,31
93,20,18,25,31
94,20,18,25,31
95,20,18,25,32
96,21,18,26,32
97,21,19,26,33
98,22,19,26,33
99,21,19,27,34
100,22,20,27,34
101,22,20,27,34
102,22,20,28,35
103,22,20,28,35
104,23,20,29,36
105,23,21,29,36
106,23,21,29,36
107,23,21,30,37
108,24,21,30,37
109,23,21,30,38
110,24,22,31,38
111,24,22,31,39
112,25,22,31,39
113,25,23,32,39
114,25,23,32,40
115,25,23,32,40
116,26,23,33,40
117,25,24,33,41
118,26,24,34,41
119,26,24,34,42
120,27,24,34,42
121,26,25,35,43
122,27,25,35,43
123,27,25,35,44
124,28,25,36,44
125,27,26,36,44
126,28,26,37,44
127,28,26,37,45
128,28,26,38,45
129,28,27,38,46
130,29,27,38,46
131,29,27,38,47
132,29,27,40,47
133,29,28,39,47
134,30,28,40,48
135,29,28,40,48
136,31,28,40,49
137,30,29,41,49
138,30,29,41,49
139,30,30,41,50
140,31,30,42,50
141,31,30,43,51
142,31,30,43,51
143,31,30,43,52
144,32,31,43,52
145,32,32,43,52
146,32,31,44,53
147,32,32,44,54
148,33,32,45,54
149,33,32,45,54
150,34,32,46,55
151,33,33,46,55
152,34,33,46,56
153,34,34,46,56
154,34,34,47,56
155,34,34,47,58
156,35,34,48,57
157,34,34,48,58
158,35,35,49,58
159,35,35,50,58
160,36,35,49,60
161,36,36,49,59
162,36,36,50,60
163,36,36,51,60
164,37,36,51,61
165,36,37,51,61
166,37,38,51,62
167,37,37,51,62
168,37,37,53,62
169,37,38,52,63
170,38,39,53,63
171,38,39,53,64
172,39,39,53,64
173,38,40,54,65
174,39,40,54,65
175,39,40,55,66
176,40,40,55,66
177,39,41,55,66
178,40,41,56,67
179,40,41,56,67
180,40,41,56,68
181,40,42,57,68
182,41,42,57,69
183,41,42,57,69
184,42,42,58,70
185,41,43,58,70
186,42,44,59,70
187,41,44,60,71
188,42,44,59,71
189,42,44,60,72
190,43,44,60,72
191,43,45,61,73
192,43,45,61,73
193,43,46,62,74
194,44,46,62,74
195,43,46,62,75
196,44,47,62,75
197,44,47,63,75
198,45,47,63,76
199,44,48,64,76
200,45,48,64,77
201,45,49,65,78
202,46,49,65,78
203,46,49,65,78
204,46,49,66,79
205,46,50,66,79
206,47,50,67,80
207,46,50,67,80
208,47,50,68,81
209,47,51,68,81
210,49,52,69,82
211,47,52,69,82
212,48,52,69,82
213,48,53,70,83
214,49,53,71,83
215,48,53,72,84
216,50,54,71,84
217,48,55,72,85
218,50,55,73,85
219,49,56,73,86
220,50,56,73,86
221,49,56,74,87
222,51,56,74,88
223,50,56,76,88
224,51,57,75,89
225,50,58,76,88
226,51,58,76,89
227,51,58,76,89
228,52,59,77,90
229,52,59,77,90
230,53,60,78,91
231,52,59,79,91
232,53,60,79,92
233,53,61,79,92
234,54,61,80,93
235,53,62,80,93
236,54,62,81,94
237,53,62,81,94
238,55,62,82,94
239,54,63,82,95
240,55,63,83,96
241,54,64,83,96
242,56,65,83,96
243,55,65,84,97
244,56,65,84,97
245,55,65,85,98
246,57,66,86,98
247,56,66,86,99
248,57,66,87,99
249,56,68,87,99
250,58,68,87,100
251,57,68,88,100
252,59,69,88,101
253,57,69,89,101
254,59,69,89,102
255,58,69,90,102
256,59,70,90,103
257,58,72,90,103
258,59,72,91,104
259,59,72,91,104
260,60,73,92,105
261,59,73,92,105
262,60,73,93,106
263,59,74,93,107
264,61,74,93,107
265,60,76,94,107
266,62,76,94,108
267,61,76,94,108
268,62,77,95,109
269,61,77,96,109
270,62,77,96,110
271,61,77,96,110
272,63,78,97,111
273,62,78,97,111
274,63,79,97,112
275,62,79,98,112
276,64,79,99,113
277,63,80,99,113
278,64,80,99,114
279,63,80,99,114
280,64,81,100,115
281,64,82,101,115
282,66,82,101,116
283,64,82,101,117
284,66,83,102,117
285,65,83,102,117
286,66,84,102,118
287,66,84,103,118
288,66,84,104,119
289,66,86,104,119
290,67,87,104,120
291,66,86,104,120
292,68,87,105,121
293,66,87,105,121
294,68,87,106,122
295,68,88,106,122
296,69,88,107,123
297,68,90,107,123
298,69,90,108,123
299,68,90,108,124
300,70,90,108,125
301,69,91,109,125
302,70,92,109,126
303,69,91,109,126
304,71,92,110,127
305,69,93,110,127
306,71,94,111,127
307,70,94,111,128
308,72,94,112,128
309,70,95,112,129
310,72,95,112,130
311,71,95,113,130
312,72,96,113,131
313,72,97,114,131
314,73,98,114,132
315,73,98,115,132
316,74,98,115,133
317,72,99,115,133
318,74,99,116,134
319,73,99,116,134
320,74,100,117,135
321,73,101,117,135
322,75,101,118,135
323,74,102,118,136
324,76,102,119,137
325,74,103,119,137
326,76,103,119,137
327,75,103,119,138
328,76,103,120,138
329,75,106,120,139
330,78,106,121,140
331,76,106,121,140
332,77,106,122,140
333,76,107,122,141
334,78,108,123,141
335,77,108,123,142
336,80,108,124,142
337,77,109,124,143
338,79,110,124,143
339,78,110,125,144
340,79,111,125,145
341,78,111,126,145
342,80,111,126,145
343,79,112,126,146
344,81,112,127,146
345,79,113,127,147
346,81,114,128,147
347,80,115,128,148
348,81,114,129,148
349,80,115,129,149
350,82,115,130,149
351,80,115,130,150
352,82,116,131,150
353,81,118,131,151
354,83,119,131,151
355,82,119,132,152
356,84,119,132,152
357,82,119,133,153
358,84,119,133,153
359,83,120,134,153
360,84,121,134,154
361,83,122,134,154
362,84,123,135,155
363,84,123,135,155
364,85,123,136,156
365,84,123,136,157
366,86,124,137,157
367,85,124,137,157
368,86,125,138,158
369,85,127,138,159
370,87,127,139,159
371,85,127,139,160
372,88,128,140,160
373,86,128,140,160
374,87,128,140,161
375,87,129,141,162
376,89,129,141,162
377,87,131,141,162
378,89,131,142,163
379,87,132,143,164
380,89,133,143,164
381,88,133,143,164
382,91,134,144,165
383,88,134,144,166
384,90,134,145,166
385,89,135,145,167
386,90,135,146,167
387,89,136,146,168
388,91,136,146,168
389,90,137,147,168
390,91,137,148,169
391,90,137,148,169
392,92,138,148,170
393,91,141,149,171
394,93,142,149,171
395,91,141,149,171
396,93,142,150,172
397,91,142,150,172
398,94,143,151,173
399,92,143,151,174
400,93,143,152,174
401,92,145,152,175
402,95,145,153,175
403,93,147,153,176
404,95,147,153,176
405,94,146,154,177
406,95,147,154,177
407,94,147,155,177
408,96,148,155,178
409,95,150,155,179
410,97,150,156,179
411,95,151,156,180
412,98,151,157,180
413,96,152,157,181
414,98,152,158,181
415,96,152,158,181
416,98,152,159,182
417,97,155,159,182
418,100,155,160,183
419,97,155,160,184
420,99,156,161,184
421,97,156,161,184
422,100,156,161,185
423,98,157,162,185
424,100,157,162,186
425,98,160,163,186
426,101,160,163,187
427,99,161,164,188
428,101,161,164,188
429,99,161,164,189
430,101,162,165,189
431,100,162,165,190
432,102,162,166,190
433,100,165,166,190
434,104,165,167,191
435,102,166,167,191
436,103,166,168,192
437,102,167,168,193
438,104,167,169,193
439,101,167,169,193
440,104,167,170,194
441,103,170,170,195
442,104,171,171,195
443,104,171,171,195
444,104,172,171,196
445,104,172,172,197
446,105,173,172,197
447,104,173,173,198
448,106,173,173,198
449,105,174,174,199
450,106,175,174,199
451,105,175,174,200
452,107,175,175,200
453,105,176,175,201
454,109,176,176,201
455,106,177,176,202
456,107,177,177,202
457,106,180,177,203
458,109,181,178,203
459,107,182,178,204
460,108,182,179,204
461,107,182,179,204
462,109,183,180,205
463,108,183,180,205
464,110,183,181,206
465,108,186,181,206
466,111,186,182,207
467,109,186,182,207
468,111,187,182,208
469,109,187,183,209
470,113,188,183,209
471,109,188,183,209
472,111,188,184,210
473,110,191,184,211
474,112,191,185,211
475,110,192,186,212
476,115,193,186,212
477,113,192,186,213
478,113,193,187,213
479,112,194,187,214
480,114,194,188,214
481,113,196,188,215
482,114,197,189,215
483,113,197,189,216
484,114,198,190,216
485,113,198,190,216
486,115,198,191,217
487,114,199,191,218
488,116,200,191,218
489,115,203,192,219
490,116,203,193,219
491,115,203,193,219
492,117,203,194,220
493,115,205,194,221
494,117,204,194,221
495,115,205,195,222
496,119,205,195,222
497,116,208,195,223
498,118,209,196,223
499,116,209,196,224
500,121,209,197,224
501,117,210,197,224
502,120,210,198,225
503,117,211,198,226
504,119,211,199,226
505,118,214,199,227
506,121,215,200,227
507,118,215,200,228
508,121,215,201,228
509,119,217,201,229
510,121,217,202,229
511,119,217,202,230
512,122,218,203,230
513,120,219,203,231
514,123,220,203,231
515,120,219,204,232
516,122,220,204,232
517,121,220,205,233
518,123,220,205,233
519,122,221,206,234
520,125,221,206,235
521,121,226,206,235
522,126,227,207,236
523,123,227,208,236
524,125,228,208,236
525,123,227,208,237
526,125,228,209,237
527,123,228,209,238
528,126,229,210,239
529,123,231,210,239
530,126,231,211,240
531,124,232,211,241
532,126,233,212,241
533,124,233,212,241
534,126,234,213,242
535,125,233,213,243
536,128,234,214,243
537,126,237,214,244
538,128,237,214,244
539,126,238,215,245
540,129,238,216,245
541,126,239,215,246
542,129,240,216,246
543,127,240,216,247
544,130,241,217,247
545,128,243,217,248
546,130,244,218,248
547,128,244,218,249
548,131,245,219,250
549,128,245,219,250
550,131,245,220,251
551,130,246,220,251
552,133,247,221,252
553,129,250,221,252
554,132,252,222,253
555,130,251,222,254
556,134,252,222,254
557,131,252,223,255
558,133,253,223,255
559,131,254,224,256
560,133,254,224,256
561,132,257,224,257
562,134,258,225,257
563,132,258,225,258
564,134,258,226,259
565,133,260,226,259
566,135,259,227,260
567,133,260,227,260
568,135,260,228,261
569,133,264,228,261
570,136,264,229,262
571,134,265,229,262
572,136,266,230,263
573,135,265,230,264
574,138,267,230,264
575,135,267,231,264
576,139,267,231,265
577,136,269,232,266
578,137,269,232,266
579,136,270,233,267
580,140,270,234,267
581,136,270,233,268
582,140,271,234,268
583,137,271,234,269
584,140,271,235,269
585,138,277,235,270
586,142,277,236,271
587,142,278,236,271
588,140,278,237,271
589,139,279,237,272
590,140,280,238,273
591,139,279,238,273
592,142,281,239,274
593,140,282,239,274
594,142,282,240,275
595,140,284,240,275
596,144,283,240,276
597,140,285,241,276
598,143,285,241,277
599,141,286,242,277
600,143,287,243,278
601,142,288,243,278
602,145,290,243,279
603,142,289,244,279
604,144,290,244,280
605,144,291,244,280
606,145,291,245,281
607,142,292,245,282
608,145,293,246,282
609,143,297,246,283
610,146,297,247,283
611,144,297,247,284
612,146,298,248,285
613,144,298,248,285
614,148,298,249,285
615,145,300,249,286
616,148,299,250,287
617,146,303,250,287
618,147,304,251,288
619,149,304,251,288
620,149,305,252,289
621,146,305,252,289
622,149,306,252,290
623,147,305,253,291
624,149,306,253,291
625,147,310,254,291
626,150,310,254,292
627,148,312,255,292
628,150,312,255,294
629,148,313,256,294
630,152,313,256,294
631,149,313,256,295
632,152,314,257,295
633,150,318,257,296
634,152,318,258,296
635,151,320,258,297
636,152,319,259,297
637,151,321,259,298
638,154,321,260,299
639,151,322,260,299
640,152,322,261,300
641,151,322,261,300
642,153,323,262,301
643,152,323,262,301
644,155,323,263,302
645,152,324,263,303
646,155,325,263,303
647,153,325,264,304
648,156,325,264,304
649,153,331,265,304
650,157,332,266,305
651,153,333,266,306
652,157,333,266,306
653,154,333,267,306
654,158,333,267,307
655,155,334,267,308
656,157,334,268,308
657,155,337,268,309
658,158,337,269,309
659,155,338,269,310
660,159,339,270,310
661,156,339,270,311
662,161,339,271,312
663,156,340,271,312
664,160,341,272,313
665,157,346,272,313
666,160,346,273,314
667,158,347,273,314
668,162,347,274,314
669,158,347,274,315
670,160,348,275,316
671,159,349,275,316
672,161,349,276,317
673,159,352,276,318
674,162,353,277,318
675,160,353,277,318
676,162,353,278,319
677,160,355,278,320
678,163,356,278,320
679,161,356,279,320
680,162,356,280,321
681,161,359,280,322
682,164,360,281,323
683,162,361,281,323
684,165,362,282,323
685,162,363,282,324
686,165,363,283,325
687,162,363,283,325
688,165,364,283,326
689,164,368,284,326
690,165,369,284,326
691,163,369,285,327
692,166,371,285,328
693,164,372,285,328
694,167,371,286,329
695,164,371,287,329
696,167,372,287,330
697,165,377,288,331
698,167,377,288,331
699,166,378,289,331
700,168,379,289,332
701,166,378,289,332
702,168,378,290,333
703,167,380,291,334
704,168,380,291,335
705,167,381,292,335
706,170,382,292,335
707,168,383,292,336
708,171,382,293,336
709,168,383,293,337
710,171,383,294,337
711,170,384,294,338
712,172,385,295,339
713,170,391,295,339
714,173,391,296,340
715,169,391,296,340
716,173,392,297,341
717,170,392,297,342
718,173,393,298,342
719,170,394,299,343
720,176,395,299,343
721,171,399,299,344
722,173,398,300,344
723,171,399,300,345
724,174,399,301,346
725,172,400,301,346
726,174,401,302,347
727,172,402,303,347
728,175,401,303,347
729,173,406,303,348
730,176,406,304,348
731,174,407,304,349
732,175,408,305,350
733,174,408,305,351
734,177,410,306,351
735,174,410,306,351
736,177,409,307,352
737,175,413,307,352
738,177,414,308,353
739,176,414,308,353
740,178,415,308,354
741,177,417,309,354
742,180,416,309,355
743,176,418,310,355
744,179,417,311,356
745,177,422,311,357
746,181,423,311,357
747,177,423,312,358
748,182,426,313,358
749,177,426,313,358
750,180,425,314,359
751,178,426,314,360
752,181,427,315,360
753,178,431,315,361
754,181,431,315,361
755,179,433,315,362
756,185,432,316,363
757,179,433,316,363
758,184,434,317,363
759,180,434,317,364
760,183,434,318,365
761,180,439,318,365
762,184,441,319,366
763,180,442,319,367
764,184,441,320,367
765,184,442,320,368
766,185,442,321,368
767,183,443,321,368
768,187,444,322,370
769,182,444,322,370
770,185,445,323,370
771,183,445,323,371
772,188,446,324,371
773,183,446,325,372
774,186,446,325,373
775,185,449,325,373
776,187,449,326,374
777,187,455,326,374
778,186,456,327,375
779,185,458,327,375
780,188,457,328,376
781,186,457,328,376
782,189,458,329,377
783,187,459,329,377
784,190,460,329,378
785,187,462,330,378
786,191,463,331,379
787,188,464,331,380
788,190,465,332,380
789,189,466,332,381
790,194,466,332,381
791,187,466,333,382
792,191,466,334,382
793,189,471,334,383
794,191,472,335,384
795,189,472,335,384
796,193,473,335,384
797,190,474,336,385
798,192,474,336,385
799,191,474,337,386
800,193,476,337,387
801,191,481,338,387
802,192,482,338,388
803,191,482,338,388
804,196,482,339,389
805,191,483,339,389
806,196,484,340,390
807,193,484,341,391
808,197,485,341,391
809,192,489,342,392
810,195,490,342,392
811,193,491,342,393
812,196,492,343,393
813,194,493,343,394
814,199,492,344,395
815,193,493,344,395
816,199,493,345,395
817,196,499,346,396
818,196,499,346,397
819,195,500,346,397
820,198,500,347,398
821,197,501,347,398
822,198,503,348,399
823,196,502,349,399
824,199,504,349,400
825,197,508,349,400
826,200,508,350,401
827,197,509,350,402
828,202,509,351,402
829,197,510,351,403
830,201,510,352,403
831,198,511,352,404
832,204,512,353,404
833,200,512,353,405
834,202,513,354,406
835,200,517,354,406
836,202,515,355,407
837,200,516,355,406
838,204,516,356,407
839,201,515,356,408
840,203,516,357,408
841,201,526,357,409
842,203,526,358,409
843,201,527,358,410
844,207,528,359,411
845,201,528,359,411
846,204,529,360,412
847,202,531,360,412
848,207,531,360,412
849,203,532,361,412
850,204,533,361,413
851,203,532,361,414
852,205,533,363,415
853,204,534,363,416
854,206,534,364,416
855,205,535,364,416
856,206,536,365,417
857,205,542,365,418
858,208,541,366,418
859,205,544,366,419
860,208,544,367,419
861,206,544,367,420
862,208,545,367,420
863,206,545,368,421
864,210,549,369,421
865,206,550,369,422
866,211,551,369,422
867,207,551,370,423
868,209,552,370,423
869,208,553,370,424
870,210,553,371,424
871,208,555,372,425
872,210,556,373,426
873,208,561,373,426
874,212,562,373,427
875,208,561,374,427
876,212,564,374,428
877,211,563,374,428
878,212,563,376,428
879,209,563,375,429
880,212,565,377,431
881,211,570,377,430
882,213,570,377,432
883,212,572,377,431
884,214,572,378,432
885,210,572,379,433
886,214,573,380,433
887,213,573,380,434
888,216,574,381,435
889,213,579,381,435
890,216,579,381,436
891,213,580,382,436
892,216,582,382,437
893,214,581,383,437
894,217,582,384,438
895,216,583,384,439
896,216,585,384,439
897,215,584,384,439
898,218,585,385,440
899,214,586,386,440
900,218,587,386,440
901,216,587,387,442
902,218,590,388,442
903,216,589,387,443
904,220,590,388,443
905,216,597,389,444
906,219,598,390,444
907,217,599,389,445
908,220,599,391,445
909,217,601,390,446
910,224,600,391,446
911,219,601,392,447
912,221,603,392,448
913,218,607,393,448
914,227,607,394,449
915,219,608,394,449
916,221,609,394,450
917,220,609,395,450
918,222,609,395,451
919,220,610,395,451
920,223,611,396,452
921,221,616,396,452
922,225,616,397,453
923,221,617,397,453
924,223,617,398,454
925,220,618,399,455
926,223,619,399,455
927,222,620,400,456
928,225,622,401,457
929,222,626,400,457
930,228,626,401,457
931,222,626,401,458
932,225,627,402,458
933,223,628,402,459
934,227,628,403,459
935,224,630,403,460
936,228,630,405,461
937,225,635,405,461
938,227,636,406,462
939,225,637,406,462
940,228,637,407,463
941,225,637,406,463
942,231,640,407,464
943,225,639,408,464
944,230,641,409,465
945,227,645,408,465
946,231,645,409,466
947,226,647,410,466
948,231,646,411,468
949,229,647,411,468
950,232,648,411,469
951,228,649,412,469
952,231,650,413,470
953,228,656,413,470
954,233,657,414,471
955,229,657,414,472
956,231,658,415,472
957,229,659,415,473
958,232,659,416,473
959,230,659,416,473
960,233,660,417,474
961,230,664,417,474
962,233,663,418,474
963,231,663,418,476
964,234,666,419,476
965,231,665,419,477
966,234,666,420,477
967,232,666,420,478
968,237,668,421,478
969,233,676,421,479
970,237,677,422,479
971,233,678,422,480
972,236,678,422,480
973,233,680,423,481
974,235,680,423,481
975,234,681,424,482
976,237,681,424,482
977,235,684,425,483
978,239,685,426,484
979,234,688,426,484
980,237,689,427,485
981,235,687,427,485
982,239,688,428,486
983,236,689,428,486
984,238,690,429,487
985,237,695,429,488
986,240,696,430,488
987,237,698,430,489
988,241,697,431,490
989,237,697,431,490
990,240,700,431,490
991,238,699,432,490
992,240,700,433,492
993,238,704,433,491
994,241,706,433,492
995,238,706,434,492
996,242,706,435,493
997,240,708,435,495
998,243,709,436,495
999,240,710,435,494
1000,244,709,437,496
